1.4774720986526;1.47858562341784;1.48021366400828;1.47793585649821;1.4776856824811;1.47923069436197;1.47855953273262;1.47809500004158;1.47750794515955;1.47675164887799;1.47790869468456;1.47863012978621;1.47930403553092;1.47988213440741;1.47770598979589;1.4796575902771;1.479015621404;1.47782580125696;1.47810865413192;1.47809618585732;1.47817164962193;1.47853137675298;1.47884338531914;1.47806702580949;1.4789312369079;1.47962815420811;1.48015347942872;1.47868128347634;1.47659330324723;1.47858280340855;1.47960966558767;1.47928611647018;1.47635372026219;1.47660322039572;1.47978078631618;1.47866963148294;1.47733585397214;1.47796569511448;1.47850141410811;1.47775576878983;1.47859193914724;1.48036481420667;1.47864955553582;1.47847953656432;1.4775702611067;1.47753903474177;1.47919444487731;1.47772528483531;1.47970057996661;1.47680059325896;1.47732900842188;1.47812856842798;1.47862128269905;1.47898610566882;1.47869074386979;1.47930184666634;1.47866713119843;1.47958169414224;1.47831338557637;1.47837622461746;1.47886359239219;1.48046280147121;1.47639462196474;1.4777182019839;1.47918361975979;1.47856821442918;1.47808107604706;1.47808115659667;1.47848861814466;1.47807686433655;1.47871602203234;1.47803666529171;1.47898300556198;1.47988596057692;1.47959689163626;1.47871611406385;1.47844683427869;1.47854866831704;1.4784193112968;1.47857666315135;1.47805595720435;1.47858765611407;1.47869966015171;1.47798397317516;1.47780115106302;1.47767187113334;1.47797957653826;1.4781052076068;1.47871773417949;1.47859298736124;1.47855620467965;1.47863648233862;1.47875800922352;1.47820716289502;1.47807812889274;1.47850232978112;1.47782610699486;1.47855110988657;1.47847714031131;1.47853311339306;1.47849397950313;1.4786766520385;1.47853464106507;1.47837406066868;1.47820536024726;1.47816745600089;1.47849482037522;1.4781959887044;1.47781536562894;1.47822121756546;1.47825109087121;1.47846781064209;1.4780255675541;1.47786778755253;1.47773039859678;
2.32977219747968;2.33366427517959;2.33004213162323;2.32725390593124;2.32958200744503;2.33138990464837;2.32737111420572;2.32992823788717;2.33040299804871;2.32979800209302;2.33108018374847;2.32925732286314;2.33029978287421;2.33134696090953;2.32877881331802;2.33105037332738;2.33139050151256;2.32972371428919;2.32925314773964;2.33005283892196;2.32776118405331;2.32993977045402;2.32910574078991;2.33007416600912;2.33101834490093;2.32907602608389;2.32997936591404;2.33035691485955;2.32824332873087;2.32933602963086;2.32947543669078;2.32978382084899;2.32782203202731;2.32822073859506;2.33017311554811;2.32958630516324;2.32891358030851;2.32958918317016;2.32867101214632;2.32896543657937;2.33069254982196;2.3307982187613;2.33000885302613;2.33070889195508;2.32926237020618;2.32976000535311;2.33035550850356;2.32895292028392;2.32929765155183;2.32927505237982;2.33016906320112;2.33018399305327;2.32953301591347;2.33058706572336;2.33059618425465;2.33122735175479;2.32899142495319;2.32925984602495;2.32902689116082;2.33003455748514;2.33005548476508;2.32831066985612;2.33012883241184;2.33034742295915;2.33018534659445;2.32990447473826;2.32867344082165;2.3291467433292;2.33034034762855;2.32957845136188;2.32844223749505;2.32844240939382;2.3296485224932;2.33060837852849;2.32977849287382;2.32921819909392;2.32906277262192;2.32964164924786;2.32976676421428;2.32931937858807;2.32926754664732;2.32996446512897;2.33012026840233;2.32954552100056;2.32920517045947;2.32926538142654;2.32951309732825;2.3293877132018;2.32966485895572;2.3294020007384;2.32911525730061;2.32950816745147;2.33011157746025;2.32961843931091;2.32935151907895;2.32967459461339;2.32965019760343;2.32971361646859;2.32956434236205;2.32975874873122;2.32989993905532;2.33000500780447;2.32917274522596;2.32959814944451;2.32963932989455;2.32975618837157;2.32922287077317;2.32957950582489;2.32941901815809;2.32944007259979;2.32939980584566;2.32966421200326;2.32948719580093;2.3294520264916;2.32920355903816;
3.1811273639778;3.18418458367833;3.18070516453918;3.17893549883471;3.18179684233785;3.18130161791736;3.17811315411721;3.17953978552089;3.18211680785175;3.18009890752879;3.1799456503576;3.17819405136583;3.18009360322679;3.18076283214441;3.18117099063777;3.18093506947098;3.18359349076347;3.179811088027;3.17843700179154;3.18041850982651;3.18132002508685;3.18137566282188;3.18131145688827;3.18230993475558;3.18053370551872;3.17928695146797;3.178996404202;3.18014578268286;3.1806749148901;3.18056286623177;3.18052720327866;3.17994248508959;3.18196237815074;3.18125808670018;3.17986083675627;3.17972673076294;3.18156237197635;3.17991298817219;3.18153425723251;3.18020712664146;3.18234932193058;3.18108386644563;3.17976212505272;3.18181694630475;3.18150046875482;3.18180664958578;3.1804553992423;3.18014909864382;3.18086431347576;3.18216561639279;3.18253987148086;3.17977099839587;3.17989751659206;3.18074279849806;3.18277124062093;3.18243742815933;3.18056043056663;3.18159470575668;3.18142250528781;3.18098397188118;3.18081030161366;3.18083423819293;3.18243501498842;3.18165123532692;3.18159443945902;3.18083394086216;3.17989838315155;3.17995440591956;3.18046353239104;3.18001445362468;3.18056311905796;3.1801392026055;3.18208843359964;3.18130919559652;3.18043795156359;3.18073628528813;3.18136649995407;3.18109653646469;3.18068720545981;3.18050111642506;3.1815439349142;3.18037662660605;3.18080168622947;3.18042910169983;3.18099935441361;3.18143348669949;3.18142649617653;3.18065338428011;3.18108421214537;3.18023509179804;3.18107863484075;3.18053541306723;3.18015941217945;3.18018365487909;3.18097501206282;3.18051941035623;3.18060870633063;3.18072571311394;3.18114795262443;3.18044126580156;3.1807358829621;3.18047786267771;3.18098034355911;3.180912061245;3.1814550767048;3.18087723892232;3.18101414672086;3.18054530087695;3.18048738845424;3.18024996508027;3.18077785982236;3.18035459831553;3.18071912892943;3.18052124571083;3.18046546419377;
4.0314462314758;4.03274578967;4.03223836372027;4.03336325664068;4.0313802914614;4.03153105234566;4.02922072182636;4.03170505348557;4.03297976493717;4.03036927933269;4.03054040238889;4.03308105475708;4.03164149281142;4.03216781216882;4.03113619108098;4.03136509913679;4.03178496183166;4.03044184486652;4.0305936907927;4.03191683487781;4.03224110986005;4.03436947821758;4.03266296159783;4.03134100205247;4.02918565896268;4.03184469749578;4.03166340916857;4.03190616460425;4.0319131340741;4.03165760175617;4.0321800309874;4.03294128125582;4.03239460376815;4.03154713604253;4.03227727692109;4.03404319940952;4.03050642645346;4.03146358736289;4.03210066611519;4.03088956438756;4.03195438487859;4.03349150013109;4.03168655612723;4.03215604103085;4.03178334492139;4.0332093971839;4.03217546536224;4.03241809861245;4.03211456006498;4.03311879998205;4.03120051085315;4.03084486488222;4.0325389122066;4.03197131902815;4.03219370471813;4.03255329590485;4.03214116669076;4.03392533269179;4.03280440877418;4.03208959158764;4.03183417105932;4.03318042937622;4.03273979898128;4.03210322600913;4.03159115313042;4.03276408677451;4.03165882154648;4.03281250630942;4.03267514137426;4.03255433696093;4.03244276260771;4.03195055311466;4.03231035881824;4.0322846034661;4.03168212885591;4.03268853098036;4.03215268997287;4.03259619734423;4.03191638730917;4.03200851609046;4.03226408598162;4.03235132460323;4.03182229302601;4.0317686254429;4.03166392082271;4.03293649379341;4.03216668290558;4.03236969597533;4.03191511123006;4.03255002798748;4.032261589665;4.03234742405521;4.03201034001744;4.03143403268788;4.03137502569003;4.03193083366953;4.03176633805732;4.03239593772255;4.03190546247852;4.03221778571324;4.03195320123897;4.03145051594766;4.03174948881254;4.03188131982333;4.03165951572602;4.03246129183918;4.03117074059951;4.03166501179945;4.03183279283532;4.03220751706829;4.03134169439956;4.03164518503921;4.03159740882996;4.03123896962587;4.03154310002375;
4.88223528104952;4.88332134384895;4.88438036314148;4.8824943356081;4.8804546956131;4.88268625187706;4.88327159284525;4.88309964674164;4.88331670322198;4.88202721492463;4.88247023744741;4.88336198166061;4.88327944794726;4.88227239166395;4.88198538584558;4.88302461213527;4.88288523540186;4.88195038524126;4.88496059497992;4.88372354704862;4.88278771743472;4.88339406382854;4.8832255402148;4.88313016977263;4.88362561999317;4.88361359369982;4.88340749435893;4.88253087725769;4.88251448599581;4.88366828539046;4.88552367209882;4.88304687511787;4.88301011805143;4.88399727325525;4.88427279886785;4.88377120220553;4.88238088837873;4.88326829694384;4.88392744301589;4.88385974332402;4.88402544093211;4.88324277369458;4.88328878285083;4.88333302674088;4.88365925936515;4.88303573141743;4.88509486470235;4.88391547541455;4.88299323460272;4.88292793856783;4.88330689337567;4.88224650705237;4.88273965756522;4.8832856606019;4.88280293935524;4.88323083991158;4.88340258492257;4.88363439316807;4.88426259438375;4.88341119979246;4.88342874823964;4.88238684474567;4.88322676348389;4.88253061794308;4.88309122607834;4.88310767000993;4.88297344471424;4.88338061492515;4.88249799807971;4.88286770106912;4.8844844739448;4.88317419395352;4.88340782337757;4.88285600788173;4.88245188918431;4.88322488005126;4.88336173089041;4.88303907550738;4.88303347440819;4.88281647008049;4.88359634760992;4.88289659704217;4.88327754897289;4.88311956594153;4.88288931861261;4.88267193304898;4.8840064326404;4.88305982798234;4.88219418250032;4.88289832127481;4.88362410346193;4.88314875979608;4.88387266373315;4.88298744151929;4.8831160677314;4.8827681722238;4.88369571241029;4.88284148230543;4.88298404994266;4.88286620084855;4.88355723638641;4.88248752530135;4.88303971836058;4.88282681344976;4.88307017270014;4.88287603920471;4.88249564780448;4.88241075810259;4.88340747745713;4.88302420546992;4.88318364153439;4.88305488213631;4.88279856157116;4.88251948922438;4.88238260223869;
5.73466153662559;5.73515968560161;5.73478175468611;5.73479459737341;5.73426812087101;5.73538570101132;5.73455571996967;5.73261399155044;5.73296022055166;5.7331207061324;5.73421096117724;5.7349507201032;5.73439172192011;5.73251505024099;5.73395357974961;5.73616385480638;5.73435538996733;5.73432415243452;5.73574647299163;5.73424525907556;5.73403730383313;5.73360933132892;5.73366063228114;5.73496278293212;5.73450180281665;5.73497476383691;5.73467674991649;5.7314826647504;5.73215096677212;5.73693177109969;5.7350750370554;5.733108047896;5.7337038350531;5.73524645799219;5.7350757024476;5.73502118519022;5.73431999459254;5.734634219297;5.73408025505296;5.73624816226335;5.73488200094054;5.73335085600111;5.73381130938907;5.73422102212299;5.73486691836168;5.73484686490679;5.73435386548829;5.73456763186775;5.73441925772336;5.73484587721955;5.73513217753318;5.73420023385504;5.73354667693122;5.73580266734911;5.73479877842909;5.73390866789477;5.73293581553285;5.73402539897974;5.73624332274151;5.73469041377558;5.7333861293712;5.73407240686531;5.73395343264396;5.7339487219916;5.73461850263624;5.73519123280345;5.73384477263998;5.73433902295103;5.73400710095058;5.7341400014185;5.73428566815251;5.73463866023823;5.73434297927064;5.73480286784402;5.73408164227512;5.73400217613885;5.73438799915507;5.73395970363177;5.73367015648287;5.73481622965744;5.73437818119211;5.73443406364869;5.73455538790951;5.73434672745017;5.73451408469242;5.73522411515777;5.73518438117008;5.73377484301388;5.7335039610962;5.73437061758014;5.73418258544759;5.7348340541318;5.73437974068278;5.73404229611515;5.7342884720934;5.73376239149501;5.73386724623232;5.73397508698523;5.73376949754013;5.7345005974005;5.73400364348858;5.73420566864981;5.73410235689969;5.73446098590569;5.73398169020205;5.73444856746652;5.73367353790265;5.73363149978759;5.7338062009772;5.73440043251511;5.73416939275087;5.73453400801203;5.73425313205895;5.73362111808137;5.73365845340764;
6.58499634275294;6.5852089160013;6.58539869953474;6.58839811676992;6.58504035287703;6.58460912078885;6.58582134746765;6.58444008176665;6.58539755279756;6.58624360317221;6.58569719319614;6.58488991107871;6.58542098062581;6.58526068746982;6.58474889316668;6.5859493021182;6.58460266361114;6.58552567552359;6.58603550206468;6.5849422305884;6.58353700745038;6.58484688616332;6.58625053672284;6.58555306763415;6.58485246078238;6.58645945403489;6.58546605208525;6.58372841499504;6.58414273983965;6.58598764559825;6.58656926297565;6.58434788669543;6.5846214822412;6.5861919958522;6.58582430593815;6.58663766266075;6.58563505912289;6.58439288444766;6.58538288189877;6.58746999379353;6.58661052078191;6.58535043520681;6.58482395327781;6.58572268617838;6.58641950105886;6.58585344347041;6.58532635612091;6.58477221970555;6.58559998829669;6.58649433115405;6.58632572610998;6.58315306734563;6.58749609594432;6.58698869277923;6.5841695859792;6.58491877063029;6.58648809457064;6.58574082664219;6.58639204076617;6.58513355785695;6.58477770029113;6.58575271447808;6.58649178277162;6.58562929493191;6.58535685485195;6.58514127865144;6.58457781039449;6.58659079971535;6.58625453513415;6.58590587671968;6.58518594792873;6.58496733880181;6.58533556603128;6.58535056542605;6.58517344502504;6.58523060729024;6.58674658835869;6.58545908041016;6.58470241465;6.5860375821393;6.58554877357672;6.5852348885932;6.58573205277192;6.58523832675855;6.58518906837679;6.58507531266869;6.58522968614182;6.58504208290207;6.58567440537852;6.58522823631954;6.58509504453914;6.58539265895884;6.58543939592798;6.58513450196902;6.58572735330952;6.58513541527776;6.58540301589633;6.58544986206657;6.5855961437746;6.5854545920122;6.58546551835253;6.58518816989195;6.58597936958092;6.58553986116311;6.58509457111498;6.58532183696018;6.58571719196402;6.58512636251594;6.58521805225616;6.58517893227168;6.58549277706957;6.58518460760491;6.58517613831332;6.5854345784094;6.58458467692936;
7.4361236922507;7.43642503490557;7.43737072970723;7.43713916433229;7.43613592022568;7.43732861485844;7.4379397178679;7.43492834551912;7.43644073354609;7.4391482332267;7.43753584564676;7.43577317358232;7.43474831976268;7.43546149627058;7.43635564918777;7.43874894766333;7.43681208190029;7.43461913805494;7.43640872597296;7.43526464824395;7.43448730421176;7.43881526864933;7.43734016818656;7.43654943217192;7.4361448201239;7.43757409208528;7.43552583715498;7.43633781830288;7.4381554452285;7.43773157587207;7.43714297108012;7.43702929477909;7.43664001695254;7.4384328823549;7.4352351296482;7.43587152528109;7.43532782591271;7.43500745810793;7.43671456532844;7.4376973416836;7.43662893622309;7.43775710646455;7.43614736910581;7.43695808598595;7.43712727703961;7.43751731996486;7.43562648913052;7.4360819177429;7.4367476972886;7.4379136401771;7.43645792746177;7.4361786096182;7.43821007153116;7.43690295089622;7.43585718600785;7.43674101364417;7.43678358358571;7.43739048503794;7.43588579970658;7.43691092824398;7.43655930738298;7.43752944386556;7.43712182928823;7.43599218288627;7.43589146304803;7.43740920035622;7.43643554309948;7.43719295904155;7.43560661402302;7.43635506991488;7.43684694048451;7.43715017233774;7.43665743898095;7.43668243274276;7.43641603295542;7.43752881858549;7.4371660294246;7.43645808543985;7.43553926956091;7.43693676988825;7.43583818601255;7.43681120554005;7.4363892742597;7.43582552625855;7.43580121226072;7.43687086303927;7.4365163228027;7.43632033612026;7.43628866229398;7.43713211496654;7.43652274780424;7.4368416711439;7.4363873213214;7.43673483682507;7.43653472248933;7.43700405768863;7.43643906736197;7.43656375540436;7.43641134338926;7.43666592054735;7.43668744406429;7.43660395802073;7.43676889908222;7.43713011543449;7.43597664774192;7.43633826365868;7.43652459345596;7.43676522839368;7.43593503232827;7.43630355365962;7.43632794218134;7.4365908405869;7.43606308042131;7.43640826170902;7.4358238758777;
8.28748647218031;8.28746591378371;8.28715544832875;8.28732795510069;8.28977392461751;8.2887535494907;8.28943579219384;8.28837973078209;8.2878959854889;8.28619813230243;8.28684684498182;8.28603369843795;8.28893364133788;8.28933396803087;8.29063893405654;8.2906243126658;8.28916208177614;8.28834520832492;8.28911388114818;8.28756000792093;8.28797667274917;8.28737733825655;8.28832720199075;8.28665609267247;8.28756983514808;8.28742489670223;8.28865080297327;8.28854952396207;8.28891793044256;8.28754185024223;8.28714236089795;8.28703320748387;8.28992754204226;8.29107214338037;8.28746897027127;8.28690459183158;8.28785231854786;8.28806194431056;8.28958736406793;8.28837868147177;8.28806788662644;8.28828237636166;8.28728714534272;8.28631216051129;8.28698752313226;8.2881811383555;8.28746614992879;8.28813701910878;8.28712743227953;8.28702573253499;8.28663621945684;8.28661488168129;8.2877465154503;8.28771864857886;8.28906207329846;8.28805187476686;8.28865843474975;8.287895414236;8.28711758485512;8.28799803712815;8.28859593951477;8.28814730681544;8.28685283211729;8.28732677941449;8.28813443010409;8.28699784707867;8.28868717578488;8.28871192275992;8.28808355032882;8.28703393655202;8.28808865161633;8.28790817863941;8.28874845082873;8.2872185279486;8.28844026297705;8.28781024307746;8.28776222138023;8.28831146908778;8.28847131824536;8.28804099963502;8.2880872842567;8.28733343852271;8.28737810138838;8.28746108876565;8.28804320871313;8.28778811481153;8.28858554982711;8.28765872911804;8.2883220564838;8.28769510784628;8.28791254557835;8.28745451744065;8.28695656401052;8.28708197978345;8.28799300797027;8.28737275677121;8.2877604907078;8.287930778993;8.28784271135595;8.28764504794592;8.28819095899904;8.28758276186059;8.28811726583368;8.28761689119633;8.28721632792097;8.28702082890361;8.28761219589652;8.28764761179451;8.28754643193319;8.2871710680168;8.28734568273955;8.28690801492951;8.28712876595635;8.28736770774543;8.28718123349455;
9.13981542746247;9.14014627958193;9.13978098178336;9.13916648571229;9.13967220848964;9.14231600068902;9.13978161951822;9.13896571862335;9.13772360246423;9.13641649615506;9.13793664678619;9.13897922958919;9.13802498432183;9.13820446139802;9.14030868615451;9.14151330863159;9.13931032008946;9.13972108855927;9.14024930880198;9.14076502178007;9.13916874332224;9.13836809506117;9.13843190636763;9.13845696834549;9.13882755335072;9.13895078407117;9.13963769202892;9.14220744418508;9.13962775776312;9.13761299827141;9.13903414899252;9.13935078543376;9.14004768670079;9.14034529198236;9.13847331466906;9.14041190476136;9.13999050371854;9.13821630214299;9.13873843527293;9.14056126689385;9.13964370009442;9.13897216786093;9.13837904374301;9.13904193603375;9.1385344817;9.13969287899727;9.13891274837032;9.13880598254849;9.13811211036359;9.13863613837106;9.13902261377294;9.1391580393782;9.13878629731148;9.13875375725508;9.13859735213209;9.1388113921531;9.13872270121954;9.13797334302834;9.13927194736941;9.13905792196434;9.13883852742933;9.1392956472664;9.13830958263318;9.138926084391;9.13888933051777;9.13893604755452;9.13902159466709;9.13938638000067;9.13913755932553;9.1390845464116;9.1387553075088;9.13891645105578;9.13916095018844;9.13862681046405;9.13851328373148;9.13945940329875;9.13955465465785;9.13953901195553;9.13861917132235;9.13960622329148;9.13913110904149;9.13821062404371;9.13813707663605;9.13914747847336;9.13876700878559;9.13922836723821;9.13878158195121;9.13888778662971;9.13886007023764;9.13878389512987;9.13872609306263;9.1392539805211;9.13837875091989;9.13862162721006;9.13887769396753;9.13905536888753;9.13833014149582;9.13874172625864;9.13885480637328;9.13989516608367;9.13932379279518;9.13939734680665;9.13918387454801;9.13903134582493;9.13862501016294;9.13867146356452;9.13844375408198;9.13924717387054;9.13865964421336;9.13882612713226;9.13831396934599;9.13842682121207;9.13875764319729;9.13869573846564;9.13863749787505;
9.99096927464489;9.98866745473442;9.98944156824998;9.98922557401449;9.98650700932598;9.99117040020063;9.98923387490253;9.98814807164429;9.99081714538586;9.99079674019934;9.98949662548879;9.9912002306377;9.98981054893846;9.9886356450633;9.9898519100864;9.98880976987678;9.99044728752936;9.99093045018233;9.9914116167715;9.99126766095353;9.99176385840163;9.99016886929636;9.99042571670435;9.99141486226822;9.99011304884752;9.99047265177053;9.98935055668506;9.99018675627256;9.9892049946785;9.98946511078164;9.990437135581;9.9907431733643;9.99205818316054;9.99127027293837;9.98971168024188;9.98975936892353;9.98977689064383;9.98888257507843;9.98948921655271;9.99094259582246;9.99065803358378;9.99076732418808;9.99111201796748;9.9893421632515;9.98873862299969;9.98954063900023;9.99182310399259;9.99010152042403;9.98957823890898;9.99098809721191;9.99043677797145;9.99003559887125;9.99088427792373;9.98991912958878;9.98936251647372;9.98941327451848;9.9908954851005;9.99062522811889;9.99079976460812;9.9903225686698;9.98991571639887;9.98990913743467;9.99020729085152;9.98981551821669;9.98978229617757;9.99022591594022;9.99087412662891;9.99032049803747;9.99009292068956;9.98987214572833;9.99010239871743;9.98992679759653;9.99040406951056;9.98991022575693;9.99050220157173;9.99096593835936;9.98991364591029;9.98950356858321;9.99040594603993;9.99095963301698;9.99038905085184;9.98969537953655;9.99099799105977;9.9895847231039;9.98970716119766;9.99017254420843;9.98954756113361;9.99004907333412;9.99052148298905;9.98968333849101;9.98996494622956;9.9896256966444;9.99017927339192;9.98944508225057;9.98995289828185;9.98992217238747;9.99012080825816;9.98981827573702;9.99027035560294;9.99006760124897;9.99029705610242;9.99015992834163;9.99009415066833;9.98899976508923;9.99001233720026;9.99006642665686;9.98991741637555;9.99048226178527;9.99061080633913;9.98954624857254;9.98973991447946;9.98965406908213;9.98954111986017;9.98951280028459;9.9894822596122;
10.8410460752043;10.8372803020778;10.8389154811023;10.8408003514512;10.8411473570282;10.8420201080818;10.8423682318729;10.8428820908181;10.841972308418;10.8406592504989;10.841463035341;10.8430819589925;10.840265386974;10.8400480927716;10.8401229901018;10.8401537417636;10.8415944864465;10.8411286542801;10.8404649526039;10.84141800423;10.8421404023007;10.8400611748392;10.8404542163396;10.8420692145914;10.8415053741802;10.8401505677818;10.8400060619785;10.8409575650506;10.8416231442909;10.8413140375797;10.8413608819507;10.8402899583411;10.8409239438274;10.8410344220236;10.8418348464685;10.8419028050159;10.8407790806485;10.8409916138663;10.84160267711;10.8423335004694;10.8423786237588;10.8412549118209;10.8409100284232;10.8392063783857;10.8391379141214;10.8412486661446;10.8412883202155;10.8412927735401;10.8413487829276;10.8409114208402;10.8419117550933;10.8433462620144;10.8412845383182;10.8405287573862;10.8409727291821;10.8413010651931;10.8413765801065;10.843792609915;10.8414417078693;10.8408699137999;10.8421512510073;10.8426589446774;10.841404686475;10.8403309391756;10.8407579897315;10.8426936808997;10.8411878761982;10.8409380880858;10.8413627026994;10.8414789525979;10.8411945593267;10.8408051410519;10.8415781076436;10.8416999240499;10.8414549986104;10.8418692122716;10.8408573966212;10.841211248688;10.8421657302476;10.8423420849082;10.8417352705684;10.8418562728874;10.8415894360357;10.8408291676672;10.8408585669711;10.841315172725;10.8411334479499;10.8416244426034;10.840522073963;10.8405068258944;10.8409933749933;10.8412395198726;10.840692914522;10.8410044769915;10.8412321041395;10.8412228900237;10.8409943518894;10.8411617891467;10.8410092893717;10.8408519242231;10.840759289565;10.8411672916787;10.8415036601523;10.8410044766826;10.8409634736645;10.8414519088519;10.8410144351149;10.840721980962;10.8408999592615;10.8410160788205;10.8407687452774;10.8410745818874;10.8405447609496;10.8404683217222;10.8400838637658;
11.6909499647465;11.690830680944;11.691950966137;11.6937903557332;11.6936122137314;11.6917205348755;11.6930722437911;11.6925980393317;11.691246257248;11.6917331427351;11.6936147713532;11.6929033340756;11.6898928072617;11.6913717079541;11.6944649244635;11.6929786703996;11.6940600141712;11.6937715541708;11.6926317855148;11.6929643226418;11.6925674281591;11.6919157335565;11.6935861398544;11.6924609540943;11.6924361092474;11.6926650835963;11.6919462538518;11.6933345518378;11.6949367520764;11.6931954899929;11.6946796528826;11.691717485189;11.692282800752;11.692494198533;11.6935484177744;11.6928432217945;11.6933032649971;11.6934491575279;11.6933171120503;11.6921953300508;11.6932706061112;11.6921115836548;11.6914322342485;11.6927074851866;11.6942133860457;11.6914934462998;11.6912348861837;11.6926722336767;11.6935447540615;11.6929324824642;11.6930276145335;11.6917100991509;11.6908066540087;11.6922104648701;11.6939400728651;11.69228698324;11.692013622949;11.6924481531556;11.6920405467135;11.6922687887398;11.6942562481708;11.6936744537159;11.6925809681568;11.6917893897856;11.6937392836533;11.6930396162612;11.6913072461681;11.691761443412;11.6923153400422;11.6926709262936;11.6931501673979;11.6917180277549;11.692430226625;11.6917069060697;11.6919885647226;11.6919166571606;11.692898044893;11.6924990561824;11.6932125723257;11.692495461883;11.6926525197352;11.692390169069;11.6919731754288;11.6918213921412;11.6926622745969;11.6920564692372;11.6924554246871;11.691885998154;11.6916799155387;11.692348721818;11.6928495903985;11.6922790414119;11.6922810556788;11.6921783517742;11.692623744267;11.6917857533109;11.6919358017689;11.6914486461146;11.6922797925179;11.6918851824273;11.6916530884432;11.691580999664;11.6929652245376;11.6929324115198;11.6919477851214;11.692140914217;11.6925293368727;11.6917447453586;11.6920848027346;11.6917701972452;11.6923193006439;11.6920555489651;11.6911297658157;11.691124501686;11.691687876167;
12.5444676241556;12.5437393397805;12.5427815688327;12.5453299450753;12.5422164430061;12.5431931265213;12.5439339753781;12.5439963458059;12.5435946276819;12.5434977126251;12.5438601544301;12.5427925523933;12.5436698816577;12.5456013482225;12.5442296756177;12.5445591165368;12.5432748080463;12.5438944089829;12.5435039972163;12.5440468981406;12.5425679143509;12.5450738534948;12.5454186519285;12.5455752588781;12.5429351292813;12.5430290474892;12.5443404087388;12.5452449473412;12.5423051744301;12.5447438832702;12.5452355316089;12.5431278156687;12.5426271560755;12.54398187163;12.5444520595089;12.5444674667233;12.5428326614724;12.5435378612259;12.5433784597653;12.5432494206744;12.5436641929908;12.5450047532424;12.5441536878127;12.5454509794251;12.5446571398377;12.5427281981217;12.5422048794706;12.5433356738263;12.5439159544631;12.5440450141291;12.5435859349467;12.5426351775142;12.5442243535234;12.5448717781059;12.5440323813441;12.5440989206893;12.5436259537627;12.5443545598105;12.5434784834634;12.5434487286342;12.5439893604779;12.5442414950846;12.5432306717926;12.544008644582;12.5439756696577;12.5425041504794;12.5426296896791;12.5439601999394;12.5431913916148;12.5442537047642;12.543207762262;12.5433670677828;12.5438229670999;12.5432412357054;12.5430139406175;12.5439356167707;12.5434213743762;12.5439802400946;12.5434575062104;12.5434146021187;12.5436138678306;12.5441549465877;12.5433678682879;12.5436269902416;12.542731668731;12.5436088476803;12.5429443250251;12.5429589822768;12.5432077226549;12.5441734267977;12.543835212873;12.5435377667872;12.5432070579385;12.5435016416022;12.5432337421931;12.5433804610003;12.5430069034017;12.5434439236106;12.5433310764855;12.5433766106187;12.5428176419997;12.5432072178093;12.5432502177128;12.5437472890788;12.5424846584902;12.5432381578536;12.543065784757;12.543354753602;12.5432550239462;12.5432727596754;12.5431311829569;12.5436076089736;12.5432627374486;12.5430438632419;12.5429112160076;
13.3934902966223;13.3948404043557;13.3946356836838;13.3953658145797;13.3941147632075;13.3948060946454;13.3952825630273;13.3958197350858;13.3945391454941;13.3943897282533;13.396359755264;13.3927367269656;13.393818790575;13.3951379982198;13.3953042627974;13.3953465634596;13.3949944110992;13.3950044128506;13.394479712686;13.3945723301968;13.3953746672493;13.3950936574029;13.3951044040693;13.3941998197907;13.3939540042176;13.3951266190309;13.3958810040699;13.3944936336849;13.3935141961175;13.3948332700277;13.3933389655166;13.3939144255724;13.3948311400734;13.3943529787353;13.3944129224766;13.3944607075562;13.3950799559308;13.3945651317469;13.3949658740416;13.3957829038089;13.3956538543755;13.3947239626518;13.3948281327197;13.3947025886659;13.3956102289486;13.3947117928051;13.3942681040446;13.3943779951831;13.3947540302588;13.3945499412373;13.3949197995029;13.3941443348978;13.3948777247367;13.3945548401667;13.3951514478555;13.3946468083141;13.3948091530575;13.3948103146176;13.3942782517025;13.393861645651;13.3954936545127;13.3948519306158;13.3945582770045;13.3946151511346;13.3949916462161;13.3941628301027;13.3949876695101;13.3947893513362;13.3946171330592;13.3944827265359;13.3944051028132;13.3951434836657;13.3946680823508;13.3944555755393;13.3948031354538;13.3946782827853;13.3951474748386;13.3942564629823;13.3941814899412;13.3945789753831;13.3953588510096;13.3948376491661;13.3946104128334;13.3943833336029;13.3945254068908;13.3948222732456;13.3949514625515;13.3944386387338;13.3945028304648;13.3947430910983;13.3952238729445;13.3941063598053;13.394301270029;13.3946395283858;13.3949282914472;13.3943380199126;13.3944808636874;13.3943057210255;13.3946898848553;13.3944096110676;13.394693011646;13.3942364931085;13.394529620319;13.3944596960287;13.394599356303;13.3940669745653;13.3945498559664;13.3942723548553;13.394363219054;13.3942730616352;13.3942109416357;13.3942362842708;13.3938857384568;13.3940694562676;13.3938154950961;
14.2470702073919;14.2470975478571;14.247526687654;14.246901802911;14.2449520580702;14.2465278439298;14.2442537157547;14.2457461114869;14.2458293014568;14.2445365262178;14.2458644494611;14.2462177563556;14.2459765606634;14.2456824592275;14.2465447074032;14.2464041067744;14.2461791730696;14.2471812450797;14.245803122748;14.2463034104082;14.2478669970469;14.2467519694409;14.2458678914817;14.2452423460852;14.2462417032911;14.2479408279635;14.2448095518981;14.2451285245507;14.2458910976662;14.2453852880304;14.245686089602;14.2464574307669;14.2470038273223;14.2477255806631;14.2467289074309;14.245505773126;14.2468358480178;14.2455643970651;14.2463051393145;14.2467479772153;14.2454492181363;14.2451506463478;14.2444110456253;14.2454732613097;14.2466287052802;14.2474338649418;14.245444573245;14.246591569402;14.2464424336514;14.2464557122036;14.245376749089;14.2449523955247;14.246492907883;14.2465143439991;14.2460387123047;14.2458467183945;14.2456944272263;14.2462115517218;14.2456306468968;14.2459924110985;14.246215092978;14.246751463205;14.2456172431729;14.2456615023004;14.246111800116;14.2459212153549;14.2455580198727;14.2461755864473;14.2459116356951;14.2455378695562;14.2456562242327;14.2465017072826;14.2459305298093;14.2455153204002;14.2457784754471;14.2460116729227;14.2457323519032;14.2456435760538;14.2460916539843;14.2463596012329;14.2458767520789;14.2457902847665;14.2462006753215;14.2459934904201;14.2456419328242;14.245651909558;14.245801845106;14.2461880779094;14.2456214826291;14.2458710409403;14.2456790148287;14.245800021351;14.2456398201791;14.2458532596681;14.2454589986456;14.2457750433613;14.2458217540395;14.2458391711912;14.2455786321434;14.2459342803452;14.245530951991;14.2455251972917;14.2451185850322;14.245536025689;14.2454813384306;14.2455008361591;14.2456700201522;14.2461352706147;14.2456879686809;14.2454544792468;14.2449702340613;14.2458875795858;14.2450374751807;14.2449443747511;14.2447233863372;
15.0965235715372;15.0975417114359;15.0975201766559;15.0971446198922;15.096630318208;15.0977414811009;15.096764137124;15.0974902464757;15.0968868426776;15.095179736558;15.0972909295822;15.0989722485136;15.0977142455633;15.0974789795701;15.0962653936286;15.0969571549713;15.0968131148592;15.0958529827306;15.0957083753861;15.0983783293377;15.0977438129997;15.097283496151;15.0984642871566;15.0975330078954;15.0970945955663;15.0969089338855;15.0975849959383;15.096436093112;15.0959888871934;15.0966774697922;15.0979915877265;15.097888010219;15.0970913355107;15.096686502842;15.0965987466743;15.0968666730543;15.0985246905318;15.0977416461458;15.0975057979032;15.0973980675549;15.0964169920164;15.0968880032121;15.0974807944154;15.0979273075993;15.0971583235204;15.0971508230975;15.0972819423814;15.0971763378929;15.0966046677412;15.0969200941947;15.0984896212017;15.0970389646649;15.0972569115744;15.0971382766227;15.0966114390407;15.0978817994423;15.0981574477277;15.0965688787102;15.0970559369186;15.0976241187522;15.0975831860313;15.0969345913473;15.0965252813472;15.0969353178659;15.0962995749603;15.0970078255157;15.0974548883156;15.0973186535592;15.0975194752542;15.0970252701894;15.0974944160977;15.0970167682638;15.0968880144312;15.0971716753181;15.0964618813039;15.096808960571;15.0976056349601;15.0965721459845;15.0972911732772;15.0972906375786;15.0969213100733;15.0967457775973;15.0974128799578;15.0968640959703;15.0966416310339;15.0971594953406;15.0976308706983;15.0963764682369;15.0965378522028;15.0969309379336;15.0973662481836;15.0970329258504;15.0966876454538;15.0964119909053;15.0968127700392;15.0967060568812;15.0972907337703;15.0971061152768;15.0964011609175;15.0968071890909;15.0967049640047;15.0962302819212;15.0967042465979;15.0964410070742;15.0966657548411;15.0965449900332;15.0975396467954;15.0971736287106;15.0969085477795;15.0961328942225;15.0964170943295;15.0968074280485;15.0962315475631;15.0962239674759;15.0961551830947;
15.9478511807202;15.9489350955709;15.9478736031267;15.9459953912101;15.9472209739769;15.9497345470882;15.9479439440937;15.9482250829528;15.9494959031382;15.9496929475337;15.9493637469139;15.9500126749964;15.9476641210467;15.9471717433568;15.9480072740278;15.9470310673089;15.947008144256;15.9485633875578;15.9484662027377;15.951141242131;15.9496452851986;15.9473769244479;15.9486920265453;15.9487672033218;15.9478767607176;15.9476749836225;15.9486443372388;15.947962035411;15.9471558820748;15.948831536246;15.9487131549084;15.9491282225919;15.9478543246653;15.947467426148;15.9484249657633;15.9488282420583;15.9486849115634;15.9506098578307;15.9488680380603;15.9479361042325;15.948342031257;15.9494453413962;15.9486382524558;15.9482095643686;15.9473712567552;15.9480455354005;15.9484001499732;15.9488885559422;15.9473235606593;15.9468077410002;15.9488920098604;15.9489759538979;15.9481995244554;15.9480092637954;15.9476423282595;15.9496969126387;15.9489300086104;15.9478545942731;15.9478278015188;15.9484584808946;15.9476903812541;15.9470068381305;15.9483022135506;15.9496751380637;15.9490311176692;15.9489616793633;15.9476654417493;15.9479319265556;15.9480995931831;15.9484389335459;15.9480771886002;15.9481801308971;15.9481831758422;15.9481063989073;15.9478387729766;15.9493280763857;15.9486273746909;15.9476497354133;15.9483516464353;15.948866244649;15.9481612276206;15.9481804018156;15.9481244917197;15.9481149757663;15.9480625194365;15.9487174335713;15.9482819378773;15.9477181735279;15.948060079347;15.9482758161611;15.9477708721822;15.9478630988455;15.94767670016;15.9478231994706;15.9478413580037;15.9480463433419;15.9482748729459;15.9485031217174;15.9474567311154;15.9477666394714;15.9474255403361;15.9479259841791;15.9481018351538;15.9479293780197;15.9475284709589;15.9483108690767;15.9479295929892;15.9473253228104;15.9473070236396;15.9476830496583;15.9472303163289;15.9475977019729;15.9475747990513;15.9472594234025;15.9470359653033;
16.8011205393295;16.7993104054834;16.800313671305;16.7994723901993;16.799332648519;16.8000691919369;16.8006848678003;16.7988857690912;16.801356010314;16.8012417189647;16.8001642345159;16.7991348673744;16.795862026415;16.7969738673719;16.8013353528996;16.7989534234045;16.8007117608;16.8014182979596;16.7987162917727;16.7994595790131;16.8000345761674;16.7990841308043;16.800426862934;16.7994116431473;16.8007844221464;16.7998220484778;16.798833406954;16.7997857088054;16.7993631575761;16.7988032091319;16.8006198292403;16.7998520603861;16.8010173348668;16.8000225016585;16.7990627265747;16.7996465258045;16.8013409542195;16.8001414244614;16.8003717183523;16.7993563351726;16.7995381871965;16.800576025122;16.8004021150318;16.7993102194131;16.7997229413066;16.7995656971122;16.8005974419541;16.7996815050419;16.7989518146223;16.798979403584;16.7989389362036;16.7985427261411;16.7996860643608;16.7982449577889;16.799884504298;16.8000824811693;16.8000617216486;16.7997905440711;16.7993872741505;16.7992701529745;16.8003227622517;16.7992959443599;16.7998550302537;16.7998741452071;16.8002921281588;16.798980521656;16.7992271085045;16.7998551723254;16.7992857775325;16.7986579574086;16.7993827896217;16.7991266855433;16.7996736579307;16.7984786266755;16.7990785442912;16.7997856665745;16.7995014588122;16.7992549751642;16.8000669089542;16.7995680870112;16.7998022816895;16.7992915323538;16.7993459475699;16.7989780712858;16.7995990147368;16.7989729286008;16.7993051998507;16.7992003377534;16.7996087632351;16.7987575720698;16.7986182005192;16.7987965943259;16.799728280305;16.7988100472299;16.7987800415714;16.7992230635549;16.7998006173109;16.7994065703779;16.7992689320867;16.7988691310642;16.798967605266;16.7988468739192;16.7992893151578;16.7987165730883;16.7990057504616;16.7990446510535;16.7982478232459;16.7981239971861;16.7990446226608;16.7986609791883;16.7987193790625;16.7986623800894;16.7985941476915;16.7982044234948;16.7981514801082;
17.6511068316657;17.6505769703548;17.651040074583;17.6512359069205;17.6519935369092;17.652364932293;17.6507600531307;17.6476625838908;17.6501396405682;17.6506310431441;17.6509029634901;17.6519078264576;17.6495050714295;17.6502342382398;17.6514234366581;17.6518705981941;17.6520290003042;17.6520234394752;17.6487300947179;17.6494049285055;17.6512079502298;17.6511197985359;17.6503670967047;17.6506586255432;17.6510950495562;17.6507759107185;17.6494598411077;17.6501082754394;17.6499192774006;17.6506109152906;17.6511425456115;17.6506153282972;17.6506360546251;17.6503853841942;17.6506594893672;17.6514884916469;17.6512365428138;17.6490104360068;17.6507496499068;17.652427696996;17.6506767005488;17.6504943375083;17.6510436818117;17.6505654092089;17.6509513276801;17.6508025519331;17.6507070273589;17.6504293426591;17.6500478471967;17.6503728497082;17.6507826119775;17.651242808651;17.6509627268136;17.6492902875034;17.650580381562;17.65107898152;17.6504052051617;17.6509696830148;17.6509207677255;17.6508356050936;17.6513932765385;17.651234142065;17.6507632422284;17.6508165993685;17.6498668229415;17.6508130924186;17.6510783591282;17.6504304937733;17.6504631137145;17.6503782382511;17.6509079514226;17.6508004644406;17.6499582433337;17.6504277246644;17.6504767044658;17.6505802693664;17.6504422100618;17.6507566238958;17.6506524586205;17.6503146683619;17.6505743506517;17.6515145595936;17.6510370286671;17.6507573579949;17.6504616655099;17.6502460117366;17.6500321005099;17.6507100788799;17.6499967944931;17.6489201626409;17.6499576774631;17.6508805666155;17.6503108476148;17.6501686088355;17.6495971808295;17.6499125720677;17.6503682137759;17.6504061591104;17.6500584069809;17.650816045755;17.649982026335;17.6500769381782;17.6500533274539;17.6502102461097;17.6499698023917;17.6499822064568;17.6496834630381;17.6502411961411;17.6501623812483;17.6501068483477;17.6498224721071;17.6498633493438;17.6495863484535;17.6491030843872;17.6497927178723;
18.5011260378415;18.5019903564167;18.5032625923315;18.5024365260276;18.5025530638654;18.5017124845074;18.5003343100818;18.5012031118043;18.5009984070029;18.500765018132;18.5016319415347;18.5030848052813;18.5053842116391;18.502998289526;18.5019180509238;18.5025347736155;18.5022205530686;18.5009172541297;18.5014675622714;18.5017788597929;18.5019662247475;18.5011435649287;18.5017723434403;18.5015959208595;18.5023396275184;18.5027595468255;18.5020372888278;18.5008549382689;18.5019882209912;18.50223199879;18.5019752973149;18.5020324617761;18.5005581099491;18.5019238564252;18.502693051346;18.5019691087836;18.5010752273668;18.5015822481898;18.500967899283;18.5011480541525;18.5022674665075;18.502106648639;18.5030417014999;18.502359136945;18.501729785198;18.5019660203232;18.5019133626951;18.5025191405866;18.5027142226579;18.50146667534;18.5017872504314;18.501248643005;18.5022359087813;18.5013833406639;18.5016004658742;18.5016226312826;18.5023297270618;18.5019610770712;18.501353571624;18.5017054800511;18.5021612030678;18.5019782537769;18.5015943991185;18.5015872993627;18.5014717635809;18.5022044232592;18.5024888116156;18.5015048339573;18.5015581806049;18.501977320812;18.5028313384132;18.5018350904117;18.5014210494154;18.5018944004248;18.5020112498651;18.5018423267519;18.5023138533744;18.5014315981767;18.5009030368442;18.5013014918086;18.5018216962083;18.5017614407107;18.5020889900697;18.501996508993;18.5022072421199;18.5016315855524;18.5017915464335;18.5013015764964;18.5011220811948;18.5009165304594;18.5013736089797;18.5013449961341;18.50146618072;18.5009623861105;18.5014931902758;18.5014774000715;18.5017483258244;18.5010753767721;18.5013917571722;18.5014575495118;18.5012231880336;18.5011733617624;18.5016380027685;18.5011960680695;18.5013161150079;18.5013108815991;18.5013057559797;18.5012151085847;18.5017303870472;18.5007850351112;18.500999011799;18.5006159473372;18.5008082787838;18.5005596691188;18.5005135281968;
19.3526926765845;19.3534543570742;19.3565739907164;19.3523054864195;19.3522521180717;19.3527392134047;19.35278057325;19.3543929190597;19.3532241226191;19.3541059732176;19.3549149866946;19.3534578366191;19.3557617685457;19.3539989219368;19.352540910471;19.3536858797062;19.3523699507538;19.3513536812967;19.3546028502795;19.3546842480098;19.3523190376161;19.3530815481087;19.3533343080435;19.3519578077328;19.3525375268175;19.3548116853522;19.3541517162467;19.3528806138936;19.3537932238499;19.3519584083245;19.3530112293216;19.353502733532;19.3525222571479;19.3535740749689;19.3529128461482;19.3523251972723;19.3525892457369;19.35507806699;19.3534770402354;19.3534578079298;19.3537845308013;19.3524424206688;19.3533823832302;19.3527814835947;19.3523907272512;19.3546015089024;19.3530867529742;19.3530900233643;19.3530015057937;19.352599662588;19.3531951108014;19.3538841325198;19.3526435047263;19.3532537452246;19.3531569332133;19.3537185407561;19.3532499336411;19.3520403260876;19.3525363778906;19.353409433518;19.353139676187;19.3532300143139;19.3524549626792;19.3521775549463;19.3528355293198;19.3537632044415;19.3527164134035;19.3532184271253;19.3531647332037;19.3537949969536;19.3537555209834;19.3532112543295;19.3526632281033;19.3528985546517;19.3526901632081;19.352853732745;19.3530324842936;19.3528850426998;19.3539021686276;19.3536880254076;19.3527682618071;19.3526956880968;19.3529352398117;19.3533188991547;19.3528524088739;19.3523922190102;19.3526233239013;19.3530514336291;19.3527106617814;19.3529262869883;19.3525269923024;19.3528497416148;19.3522774439662;19.352362893888;19.3528759086451;19.3527349317111;19.3524885653201;19.352980125059;19.3526811742599;19.3523993937945;19.3521234787608;19.3525063915411;19.3524788761595;19.352425842578;19.3524575343607;19.3530073697817;19.3520871544137;19.3520778635073;19.3520691975269;19.3520215639721;19.3522050038841;19.3522572217889;19.351735141222;19.3518177053759;19.3516501010952;
20.2040249985107;20.2021055602353;20.2052880882361;20.2042223045523;20.2051823256298;20.2038094517634;20.2031318627844;20.2037577604408;20.2044296897523;20.2050808843408;20.2042317229406;20.2036812316031;20.206442841387;20.2045940820796;20.204499950384;20.2040756650278;20.2044831982398;20.2043642513306;20.2054336739059;20.2047920208062;20.2034940377598;20.2042194993199;20.2046150260271;20.2036636315003;20.2034993588501;20.2044581922584;20.2054625610141;20.2031589224136;20.2043092714552;20.2045251883604;20.2048686972493;20.2033210084715;20.2037828471593;20.2045283320688;20.2053471880922;20.2047836418904;20.2044416837642;20.2047694935242;20.2051168214891;20.2039509606686;20.2046353243485;20.2039839267162;20.2040032036212;20.2038154820946;20.2046689825463;20.2050285852357;20.2038146040366;20.2031232667647;20.2035154943268;20.2032781402047;20.2046801250637;20.2047929996414;20.2035357616615;20.2040546841241;20.2035186318513;20.2043945117582;20.2045921739549;20.2041290761529;20.204910459776;20.20411243509;20.2046089345902;20.2035732003254;20.2038914577154;20.2039035040833;20.2045931983708;20.2043487667911;20.204222003452;20.2041360653604;20.2047497069447;20.2051353002257;20.204310799801;20.2040352910303;20.2046998857234;20.2038483545881;20.2041007059552;20.2040312969927;20.204215205529;20.2038006839507;20.2050231426429;20.2039838079571;20.2042296026028;20.2040008790871;20.2043928014002;20.2039700705493;20.2033078737678;20.2031562880233;20.2040258856218;20.20381775926;20.2036759043147;20.2035166644234;20.2038117479167;20.2039481351028;20.203726193874;20.2039351156056;20.204173359929;20.2034205102989;20.2036458739966;20.2038074122871;20.2035627747165;20.2033755840424;20.2034673256809;20.2032562021954;20.2038026921446;20.2035664761138;20.2037244035348;20.2034478376271;20.2034013900113;20.2032517862403;20.2036992123116;20.2033022381463;20.2035062802851;20.2032692617898;20.2032673684169;20.2030560341529;20.2028586706388;
21.0547633044325;21.0550056020857;21.0559063494264;21.0549329628547;21.0545641712797;21.0550591171079;21.0548114565148;21.0551306697194;21.0559481124791;21.0556627349474;21.0562865595241;21.0560757910915;21.0553695739755;21.0563691173004;21.0555239948635;21.0553483538776;21.0549855537588;21.0567483168777;21.0558727793245;21.0546462350058;21.0553515118686;21.0561362110224;21.0551134382635;21.0558016306325;21.0548492575642;21.0547792647508;21.0551504490649;21.0566230724953;21.0565592141414;21.0566782839068;21.0550247471486;21.0553117817233;21.0552896118425;21.0561366725709;21.0558610004535;21.0564262559181;21.0551855328621;21.0562702925905;21.0555350269754;21.0549104731033;21.0561765198164;21.0565222772269;21.0551791316266;21.055259787864;21.0553363845075;21.0561231405485;21.0554624395189;21.0554651062805;21.05564615886;21.0556675805425;21.0555298169259;21.0556344864948;21.055202886915;21.0559286959889;21.054933596363;21.0545196333604;21.0546559084248;21.0557156296815;21.0548193446282;21.0548905358534;21.0554459368019;21.0552642379538;21.0555946202662;21.0558430082223;21.0554127925926;21.0553929706005;21.0547010655109;21.0553900132717;21.0551646119227;21.0544866455108;21.0545338365453;21.0553627398651;21.0548674461046;21.0552353617451;21.0554758570051;21.0554650297975;21.0547153739672;21.0553688982149;21.0550213670966;21.0552407927808;21.0553927253108;21.0562494100144;21.055191837658;21.0546821785578;21.0546872156355;21.0556461375791;21.0552804199154;21.0554905501094;21.0550762648953;21.0549759577947;21.0545233412729;21.0548223929207;21.0549983311498;21.0556924853999;21.054942922765;21.0550771130118;21.054629209613;21.0545133549183;21.054190780211;21.0543215665023;21.054367731209;21.0551993628397;21.0550924599047;21.0551097358212;21.054913516706;21.0548320774277;21.0545634161695;21.0546581729469;21.0546543153572;21.0547980035868;21.0542093705415;21.0545025126916;21.0543954877268;21.0540821270994;21.0540955477503;
21.9067902909434;21.9067534956225;21.9067182692034;21.9050441684596;21.9050628685875;21.9070690316805;21.9076808183162;21.9032068730399;21.9049638210024;21.9057388946511;21.9086196944837;21.9072363325338;21.906598420645;21.9072253463913;21.9051823545901;21.9061047534326;21.9064877355012;21.9070023210035;21.905956034433;21.9053362358102;21.9071065313337;21.9063791388368;21.9061224649779;21.9066655753642;21.9061594145378;21.9060094269538;21.9063623325863;21.9067050523756;21.9063385915018;21.9061997981652;21.9070532695049;21.9069851990995;21.9064731269049;21.9064872120365;21.9072081107271;21.906262007738;21.9058097044838;21.9076376226759;21.9064065831148;21.9060618413065;21.9081101342829;21.9070090961301;21.9063286985783;21.9060597102657;21.9069199921035;21.907338501526;21.9068558805088;21.9060946131827;21.9075830529528;21.9067993540213;21.9056321600083;21.9061828613642;21.9067552907298;21.9071876353201;21.9066999366838;21.9057953812123;21.9061157813222;21.9065168163427;21.9064517686593;21.9060897310393;21.9073335162127;21.906741148124;21.9070463006584;21.9063946545694;21.9067557608067;21.9069409623266;21.9061824438442;21.9064421603982;21.9059846913191;21.9060358353297;21.9066347381055;21.9058644653266;21.905154841312;21.9059227083773;21.9067212833329;21.9060118076461;21.9064190979638;21.9061635501227;21.9062987238837;21.9062657865659;21.906601528504;21.906648719781;21.906442953966;21.9058236821562;21.9063286635232;21.9063576029547;21.9066356185216;21.906481677126;21.906127587654;21.9058879861146;21.9061725093021;21.9058730854651;21.9055863057508;21.9058476216395;21.9064773609314;21.9060003009132;21.9059514649332;21.9058325414622;21.905965267684;21.9056240453756;21.9055672641544;21.9058412504053;21.9062920627416;21.9059321073629;21.9059993612947;21.9059495576105;21.905938904731;21.905695215599;21.9060688014632;21.905436861061;21.9055066433497;21.9051402410622;21.9055729785898;21.9052739145231;21.9050048401143;
22.7584974497433;22.7582131512191;22.7569957574931;22.7566989211419;22.758419491314;22.7591967595381;22.7579555164178;22.7570058278125;22.758442949466;22.7587646211472;22.7585999415665;22.7570506039582;22.7575249367815;22.7567390136507;22.7567603771944;22.7570705407868;22.7579517601814;22.7581710288709;22.7564531679973;22.7570754179811;22.7579021949017;22.7578167874636;22.7578824957286;22.7566867236468;22.7570658707248;22.7579253374533;22.7580188200203;22.7568107291509;22.7574302828374;22.7588447762899;22.7591024564638;22.7572826352834;22.757210699906;22.7590112105409;22.7588323619249;22.7574853053378;22.7567882865496;22.7577125747395;22.7567542677691;22.7553577131538;22.7574924633754;22.7587455397339;22.7588508018034;22.7577849959065;22.75776229258;22.7579117534038;22.758083792823;22.7579847969138;22.7588471246063;22.757685033789;22.757413529514;22.758168917348;22.7572620426387;22.7579923335916;22.7567496569694;22.7575352989218;22.7583448359593;22.7574973870224;22.7577524675443;22.7579725412101;22.7578564151413;22.7575238373972;22.7574659893985;22.7573628537653;22.7577141707765;22.7580247440496;22.7575962889544;22.7572652735143;22.7572584495291;22.7588940548298;22.757640585667;22.7568807409741;22.75699666341;22.7574129771776;22.757680664382;22.7572588873651;22.757475283656;22.7570200528135;22.7574144350893;22.7578202681948;22.7574570503375;22.7581086229467;22.7576831192756;22.7576831494779;22.7574646337849;22.7575641429304;22.7573273468606;22.7572196625861;22.7569559420235;22.7577169791712;22.7576014718238;22.7576345504314;22.7567826630784;22.7566133581904;22.7574224065806;22.7575262667749;22.7569833509195;22.7571232983754;22.7569325216107;22.7571128198151;22.7568592002149;22.7569161109171;22.7571139541048;22.7571459671399;22.7567916722134;22.7574041822448;22.7567256635918;22.7566917326677;22.7566419051815;22.7566038154648;22.7565070795597;22.7567637543669;22.7566619120836;22.7563047433883;22.7564271904269;
23.6081230721436;23.6089910844648;23.6080812761547;23.6084389004043;23.6086401136491;23.6083457871688;23.6088450328911;23.6088253229469;23.6090954778811;23.608817906385;23.6085614362311;23.608873736662;23.6097001734533;23.6103379996873;23.6102537607312;23.6103711081616;23.6088690035764;23.608020180918;23.6073099187748;23.6096143614511;23.6103023561533;23.6094405698701;23.6090198989108;23.608415860037;23.6096969708889;23.6089945548167;23.6081874039893;23.6085801057938;23.6101630251049;23.610089522307;23.6088776372821;23.6075547059554;23.610700370199;23.6110103062104;23.6078839202003;23.6086603916546;23.6103752307048;23.6094844580292;23.6076631255291;23.6081118826977;23.6084653440385;23.6094613061975;23.6101950383825;23.6092758031628;23.6088723400952;23.6080924092846;23.6091429187509;23.6092889544475;23.6091944660612;23.6087632335858;23.609155009828;23.6085416344578;23.6089897672666;23.6090755888306;23.6081804877263;23.6087476704867;23.6091162389892;23.6084599513425;23.6092316737854;23.6086824261626;23.6086575937366;23.6090564778206;23.6083685920437;23.6085887503936;23.6089739192445;23.6091346868065;23.6088016270579;23.608236288751;23.6092024628195;23.6095289011798;23.6097526462505;23.6087987482561;23.6088544621499;23.6086959539523;23.6091299152492;23.6084606400817;23.6087624327062;23.6086724568291;23.608617857821;23.6087129686108;23.6084558329013;23.6089966864282;23.6088168874195;23.6085167394478;23.6082285350968;23.6085371082814;23.6087445723044;23.6080492611611;23.6086604335326;23.6089321877492;23.608922689777;23.6081612048155;23.6085832076556;23.6087678726781;23.6089724831407;23.6086490333838;23.6087873346931;23.6082564937055;23.608360515831;23.60823690183;23.6079285813799;23.607848856848;23.6084577224867;23.6080795966457;23.6084033158326;23.6079945681709;23.6078491242849;23.607702473276;23.6077020494405;23.6076287768885;23.6076683177952;23.6077726861815;23.6075375484177;23.6073540560592;23.6071905546557;
24.4591810773412;24.4603427894677;24.4602927661508;24.460123994513;24.4591877158292;24.4591244716084;24.4599403680704;24.4620799468727;24.4615476167799;24.4594024354268;24.4587633999173;24.4607297887863;24.4609819184066;24.4620242795151;24.460258008819;24.4609269616686;24.4604037306935;24.4606636097604;24.4588468475323;24.4587434583064;24.4603775796206;24.4598728157859;24.4603255502071;24.4610195208804;24.4601967783738;24.4607597213262;24.4616413431358;24.4611267963898;24.4599559864676;24.4601897761591;24.4598612819367;24.4601887449393;24.4598855343164;24.4602849344774;24.4591573619267;24.4605285630796;24.4592214662242;24.4595570294488;24.4599495581613;24.4615851803309;24.4603260044628;24.4607616542323;24.4590851065079;24.4606438527256;24.4607922269476;24.4599916216451;24.4597053382358;24.4597302639151;24.4598625685859;24.4599013032938;24.4596879168537;24.4595206713435;24.4591579333264;24.459532900931;24.4597818819209;24.4604181239867;24.4599618606163;24.4603689363265;24.4602135177933;24.4608130523154;24.4598574085274;24.4612105112864;24.4598352827402;24.4588971401135;24.4588798683354;24.4603337696973;24.459820527835;24.4599070662017;24.4603621536702;24.4601154392526;24.4603316001564;24.460587949314;24.4595558777705;24.4598795080362;24.4597561131713;24.4594987181524;24.460023278443;24.4602979666187;24.4596726977331;24.4598680457552;24.4595279255679;24.4602411326046;24.4599071890641;24.4594171242955;24.4596022617931;24.460065653702;24.4592586041992;24.4590187891089;24.4595236652679;24.4600048219692;24.4594544939865;24.4596492678521;24.4597870071452;24.4602129317578;24.4596780730205;24.4594578691573;24.4595544821702;24.4599973469731;24.4595357475043;24.4596807213366;24.4593075986966;24.4593909742203;24.4592945155411;24.4592196210941;24.4591052250987;24.459165966539;24.4587745324062;24.4589508905257;24.4587099706768;24.4591810684356;24.4589451635167;24.4588459412549;24.4588836537485;24.4584515745746;24.4586673015201;
25.3128262722281;25.3125585622118;25.312114979509;25.3108716196892;25.3102168630431;25.3117079092237;25.3120992639224;25.311245591051;25.3133380702158;25.310723192805;25.3104179783531;25.3113921896797;25.3109423570842;25.311318563185;25.3120419627968;25.3111321689281;25.3124433302778;25.3126641677515;25.3131342916061;25.3111093144299;25.3108667941847;25.310388000415;25.3118495534222;25.311239102421;25.3105147144292;25.3114215380542;25.3132101003957;25.3115013808231;25.310214681859;25.3106135670875;25.3111557343795;25.3112703012327;25.3106474186766;25.3125617863441;25.3129043815238;25.3107147883106;25.3108452238936;25.3111853068917;25.3108770084092;25.311121651856;25.3121027052738;25.3110972052871;25.3103857762752;25.3111752504516;25.3107822508247;25.3108409446998;25.3113956067712;25.3105311185147;25.3114317366439;25.3115131862238;25.3124970533087;25.3115337230405;25.3104133681813;25.3109937553422;25.3114060817474;25.3106511620974;25.3119013429515;25.310691291839;25.3112583741953;25.3114766305951;25.3105723766035;25.3108019637462;25.3119372843564;25.3108756410617;25.3113321874554;25.3117302312455;25.3109952524555;25.3108268657058;25.3109116023116;25.3108730032341;25.3109252861905;25.3107864179547;25.3108953930929;25.3111292938448;25.3108529805008;25.3109661498879;25.3122506726906;25.3109102727505;25.3108679316915;25.3108773580303;25.3112528595439;25.3104454185196;25.3109169542064;25.310601975457;25.3113580616529;25.3108380647679;25.3104256444563;25.3108177515026;25.3110416860266;25.3108241209127;25.3113104210038;25.3109219759862;25.310885276651;25.3108993344698;25.3108594265403;25.3105787415014;25.3105990376185;25.3104774237855;25.3105939066438;25.3103436618686;25.310967018227;25.3105398670956;25.3101560948592;25.3099586006594;25.3100922580327;25.3101546962461;25.3103782780717;25.3101075123002;25.3102349663096;25.310195114712;25.3100904993305;25.3097535370132;25.3097221442702;25.3099149895701;25.3097663483318;
26.1625681058872;26.1629522194562;26.1632255455845;26.1623917563836;26.1617993019977;26.1631513051305;26.1621658107391;26.1632116177903;26.1645683613125;26.1620051936882;26.1623501150845;26.1632034216598;26.1614025061648;26.1622566183895;26.1621545473931;26.1617588536806;26.1632693639028;26.163331405097;26.1625355808781;26.1631135876546;26.1616362568518;26.1614829552299;26.1625780352664;26.1621692511337;26.1626108087619;26.1639246909889;26.1626907380266;26.1621987126022;26.162509169143;26.1610414732777;26.1596693378375;26.1630517003753;26.1641411357485;26.161996870643;26.1624050292695;26.1625860089401;26.1628209177323;26.1627061837135;26.1625110427652;26.1622809308285;26.1627690942637;26.1614412205716;26.162069449627;26.161985185782;26.1617811308728;26.1621809541223;26.1620493642231;26.1628146788322;26.1626720201231;26.162635136242;26.1627811881853;26.1620882357721;26.1622750395991;26.1624244176887;26.1623030736144;26.1625468776037;26.1623207917119;26.1607622074252;26.1614683644312;26.1622683682113;26.1617979044498;26.1620099760133;26.1631186426432;26.1629685284282;26.1625312783974;26.1626489357366;26.1619743285195;26.1618637963316;26.1620250802287;26.1622968847329;26.1621115863567;26.1624097272404;26.1625184711408;26.162353506817;26.1621642144413;26.1631403370169;26.1632502476021;26.1619067432099;26.1619992420666;26.1628376316827;26.1619718145466;26.1621690182481;26.1618756041241;26.1617967516595;26.1621560484046;26.162235803223;26.1616309880642;26.1621715075182;26.1619871304587;26.1618651337658;26.1623350962465;26.162383492239;26.1620433186113;26.1616538823002;26.1616097745202;26.1621563798124;26.161775930424;26.1614610802693;26.1611876522212;26.1613586697384;26.1616152118646;26.1619986625801;26.1614218516921;26.1613144829622;26.1612625038831;26.1615039968163;26.161366446911;26.1613632836874;26.1610850432463;26.1614149485739;26.1609277742625;26.1607156747012;26.1605371461786;26.1606789324579;26.1609010657709;
27.0128807462226;27.0128402792752;27.0124997267043;27.012835463554;27.0139759650917;27.0133426400325;27.0129141122804;27.0148929832165;27.0145673372426;27.0142285817187;27.0156652405433;27.0145963158014;27.0148555646974;27.0146456725551;27.012460931802;27.0133066640041;27.0145940955459;27.0130981449829;27.0120877506742;27.0138193976187;27.0140389735832;27.0133175808715;27.0136080171087;27.0146369478353;27.0140349369178;27.0120355424307;27.0127293660499;27.01401877275;27.0136045062758;27.0127403368331;27.0131539195927;27.0135406362349;27.0146194717627;27.0125351237125;27.0128781214317;27.0138418717952;27.0133540643519;27.0139089012234;27.0134964482444;27.0141232875063;27.0135691132479;27.0131576504475;27.0139016841598;27.0132624967596;27.0139500185644;27.0136471533354;27.0130724318212;27.0136073971252;27.0132281525191;27.0131523467203;27.0128107618982;27.0134697658308;27.0146142081403;27.0132723608201;27.0135138885851;27.01382207096;27.013400233585;27.0130439800043;27.0132504410691;27.0129670926506;27.0130945538459;27.0137714596581;27.0140648764286;27.0135085699539;27.0134377707004;27.013471361781;27.0133168447211;27.0135256555392;27.0139402407906;27.0137367311791;27.0135183200049;27.0128308743848;27.0133523068209;27.0136808800752;27.0134611333422;27.013159950164;27.0132391328812;27.0130648719239;27.0133901326702;27.0135662746222;27.013465349673;27.0132546308818;27.0129147268517;27.013518094512;27.0131298479108;27.0131705362006;27.0132633533602;27.0136027934054;27.0135770184221;27.0127066407389;27.0129978818399;27.0130894440265;27.0127907421466;27.0126443091775;27.0129461230388;27.0131501977467;27.0132575008651;27.0124518176944;27.0124037700136;27.0126478496881;27.0130791563728;27.0130507597008;27.012918989407;27.0125891383161;27.0126097873348;27.0121927425756;27.0125819045598;27.0125697646476;27.0125228443064;27.0122725469144;27.0121049989345;27.0120407096469;27.0118178681617;27.01195360568;27.0123278917804;
27.8651857883608;27.8648097113773;27.8640606473691;27.8653474255321;27.8651913493643;27.8655780003127;27.8665675991427;27.8664491742819;27.864379648504;27.8645273467328;27.8650934201945;27.8645848566399;27.8646552896074;27.8644355961258;27.864512497991;27.8672209982171;27.8656042450003;27.8644685160261;27.8649458764984;27.8642367044805;27.8643021739136;27.865638384525;27.8664909101769;27.8665895757017;27.8646385453937;27.8624281010708;27.8646959555107;27.8645976639401;27.8645187108746;27.8647878054201;27.8647616259057;27.864887648679;27.8644751117843;27.8641351195508;27.8649501705269;27.8649106687318;27.8642082757785;27.8659121685552;27.8644570430816;27.8649126851225;27.8651012360357;27.8652089434475;27.8646543035511;27.8645435506059;27.8648397861249;27.86574460514;27.8658236433084;27.8648840549748;27.8651844632451;27.8666388149855;27.8653226724405;27.8651894810737;27.8651924451945;27.8647679409461;27.8648460670349;27.8652344772841;27.8652901232753;27.8649150165603;27.8649361051081;27.8647677454681;27.8645682310959;27.8652707515031;27.8646994753029;27.8643764217313;27.8649556008164;27.8649951239135;27.864637153173;27.8649154850156;27.8647354146157;27.8651696040082;27.8644097089169;27.8633551804764;27.8636585691738;27.8642491026116;27.8641281788102;27.8641779664986;27.8642625824142;27.8647570918744;27.8647321662981;27.864649358325;27.8650076076264;27.8639891487087;27.8636756210614;27.8645163104701;27.8639216104117;27.8642372629387;27.8647005025071;27.8651347989846;27.8644585228017;27.8643437932311;27.8638562800121;27.8643780687816;27.8640571286221;27.864183970848;27.8641684941704;27.8642603538256;27.8641216216331;27.8641003060486;27.8638712061362;27.8638434546293;27.8638848580337;27.8641947645445;27.8636218672589;27.8639494066653;27.8637063088033;27.8629615968276;27.863426097394;27.8640088607142;27.8635031812785;27.8635545730501;27.8633510638849;27.8635919001131;27.8632516787748;27.8631510089199;27.8629858753335;
28.7160215702602;28.7158147669985;28.7153668137725;28.7179198835762;28.7155368650351;28.7164922868676;28.7187339097225;28.7162487690768;28.7137615431888;28.7150673527038;28.7173497228976;28.716346662707;28.7151103597439;28.7164079018263;28.7154052720626;28.7171143161813;28.7177083677503;28.7162074247339;28.716554058132;28.715526389505;28.7156671223224;28.7157672411791;28.7174831259794;28.716928546968;28.715972124043;28.7161314564097;28.7166174143616;28.7155837411542;28.7169388554309;28.7159352124463;28.713969821963;28.7155324496912;28.7168336084361;28.7153306643075;28.7162845109885;28.7159562375321;28.7145476221196;28.7149308741176;28.7162095529235;28.716006713979;28.7167677507645;28.7158594895543;28.7154236867614;28.7149302067498;28.7155570538231;28.7153709075873;28.7163669151295;28.715786666201;28.7171302885783;28.7164383762237;28.7163642120232;28.7157237866147;28.7156719296057;28.715965195265;28.7155346339373;28.7159781331656;28.7166044643323;28.7152752062326;28.7162480310023;28.7159441977696;28.7158636851465;28.7152396968515;28.7151432798886;28.7150312980048;28.7160208495095;28.7159712419498;28.7160242142925;28.7156296579587;28.7158946190758;28.7159605959009;28.716044843384;28.71592246234;28.7164107280763;28.7157317366949;28.7155244708892;28.7157925433212;28.7159871885714;28.7156287196385;28.7164333932506;28.715913237537;28.7159442468057;28.7156379259058;28.7159818985563;28.7158261686241;28.7154397460063;28.7156128084861;28.7157318414528;28.7154740407989;28.7153716644178;28.7154211051845;28.7157287973227;28.7153929574417;28.7152348003807;28.7152851878088;28.7155852257335;28.7153973712578;28.715519111369;28.7149550725039;28.7150356162021;28.7146863301237;28.7150711133567;28.7149881400636;28.7148087993732;28.7149783786204;28.7150230948353;28.7145941921273;28.7149958801471;28.7149081036497;28.714633001621;28.7144719360485;28.714808342548;28.7145785118726;28.7145487126598;28.714449267988;28.714320155511;
29.5678697767189;29.5678447590299;29.5666766276507;29.568055977867;29.566784192451;29.56765173469;29.5668420526349;29.5663952780239;29.5686641658634;29.5684867293885;29.5661207585501;29.5674761388835;29.5674058581003;29.5672011072354;29.5664980209164;29.5672072762382;29.5659742958337;29.5668998378749;29.5667943976305;29.5660852955446;29.5678316808215;29.5683808809616;29.5667905942818;29.5664722059604;29.5665135273743;29.5682667694381;29.5678394499233;29.567745183827;29.5666721619707;29.5669087100003;29.5674556068633;29.5670578955364;29.5675698677597;29.5671885690654;29.5663458713837;29.5669343787646;29.5662659036262;29.5673918980291;29.5678262736474;29.566990004932;29.5665846013801;29.5668641200915;29.5666440881071;29.5664980343674;29.5675989944103;29.5677036850145;29.5661620503166;29.5671368054122;29.5668567753872;29.566521591374;29.5659784049975;29.5671360748969;29.5669218261566;29.5675470330127;29.5670655237739;29.5674612812155;29.5668616504279;29.5663209976928;29.5669915838893;29.5665171081577;29.5664582514898;29.5664650704195;29.566308737907;29.5674388832669;29.566811390603;29.5672377184399;29.5672197181301;29.566587750376;29.5667769275668;29.5670705220211;29.5669125376025;29.5676401878922;29.566837343004;29.5668947260704;29.5665386673365;29.5675981984782;29.5670371318334;29.5665544086053;29.5669066572512;29.5671513700329;29.5666993750512;29.5667685659018;29.5667122025362;29.5667046442599;29.5665726398171;29.566882132121;29.5667449073095;29.5664388258037;29.5664333331845;29.5668031412133;29.5666804684547;29.5665571950968;29.5662300702437;29.5662585857534;29.5661933283317;29.5669198311219;29.5665320100407;29.5660341145387;29.565997181033;29.5658136944473;29.5658953188658;29.566410677992;29.5662112871265;29.5660960934614;29.5658952453649;29.5661057561276;29.5659340753488;29.566419988938;29.5657518603643;29.5655176495211;29.5656151493704;29.5658276926791;29.5655656486598;29.5658906351046;29.5655872543279;
30.417894332171;30.4181491236822;30.4173265298171;30.4174672314488;30.4179857612441;30.4182899735549;30.4191389041623;30.4188680157802;30.4197847864905;30.417928497506;30.4160631056234;30.417049963751;30.4186679510397;30.4177208381056;30.4179504109394;30.417137403578;30.4174413877689;30.4183271465161;30.4176077021867;30.4180468419356;30.4190923664283;30.417145187297;30.4172667827291;30.4185823594257;30.4187257296597;30.4187246920398;30.4191514515031;30.4184002316847;30.4179311838024;30.417993135166;30.4190808806723;30.4185869521987;30.4179857468181;30.4183413361484;30.4178369797963;30.4175980295975;30.4176319450158;30.4185587185281;30.4191102867923;30.4180311020175;30.4185526824474;30.4187183812;30.4182465984516;30.4181549315762;30.4182716185094;30.4184583612179;30.4179888999342;30.4179625176488;30.4179555782691;30.4183265926062;30.417415006088;30.4179080739451;30.4188158168469;30.4182226436585;30.4190750861656;30.4179752950945;30.4180587310768;30.4178864280594;30.4179898664049;30.4180256314785;30.4185227813504;30.4180639929647;30.418085859942;30.4187476681075;30.4187977648668;30.4181439525912;30.4182937546085;30.4183778267725;30.41827191474;30.4180775052991;30.4179301239301;30.4180630889565;30.4175152008651;30.4175826089911;30.4180229981304;30.4176236003489;30.4179835569844;30.4179854883639;30.4182098097252;30.4180274051846;30.417989233314;30.4177253385736;30.418177895057;30.4176536400806;30.4176020835142;30.4176890873612;30.4179766892462;30.4175715155004;30.4178602147753;30.4175208464632;30.4177359462339;30.4176555367879;30.417095700793;30.417212908712;30.4172794091758;30.4175104537598;30.4178105667612;30.417181175907;30.4171255923028;30.4169958845175;30.4173684319266;30.4169864424527;30.417158434352;30.416972792773;30.4171316382669;30.417056548585;30.4169191963628;30.4168855001834;30.4167421840318;30.4166439965514;30.416341704839;30.41651037183;30.4165897472668;30.4170506352076;30.4168180171903;
31.2686857123667;31.2684864268596;31.2667935886091;31.2676144523139;31.2692855824927;31.2696455076697;31.2716258265909;31.2710493376857;31.2698598987852;31.2683275566003;31.2690537209534;31.270676460129;31.2708639511992;31.2692129550057;31.2690280485545;31.2686075727349;31.2699193683272;31.2715140518095;31.2701256798796;31.2692257167369;31.2691395082428;31.2696850187632;31.2689211590605;31.2685224431517;31.2696936001307;31.2689754879426;31.2694940317859;31.2698223229847;31.2697442880827;31.2696999177493;31.2695457564852;31.2696804442506;31.2685499868819;31.2689486466667;31.2694857837706;31.268917581655;31.2696045599051;31.269580409571;31.2689150107571;31.2690083193039;31.2698385169581;31.2697121217914;31.2693871682246;31.2682927386853;31.2696253876536;31.2695503403812;31.2694138015135;31.2699054886323;31.2704937824331;31.2702134062674;31.2690813395049;31.2689215423574;31.2699610132306;31.2690561077428;31.2695262475921;31.268530396831;31.2691558721212;31.2690126373832;31.2695436897183;31.2699322532883;31.2693620055784;31.2703665298259;31.2692983505552;31.2686395592917;31.2694089295678;31.2700622950913;31.2694556531782;31.2692227832296;31.2693995753554;31.2695454625031;31.2692132414046;31.2693695456237;31.2687538795914;31.2691204658694;31.2696032791886;31.2695827468645;31.2692341753575;31.2691102933208;31.2693611561439;31.2695945179231;31.2688104864215;31.2691185178008;31.2691900457457;31.2692150447265;31.2689488004933;31.2690434126381;31.2690898049467;31.2687804189576;31.2687454890455;31.2684099097489;31.2683514873372;31.2686028635425;31.2684804497049;31.2685324162944;31.2685249479415;31.2687528121516;31.2684484150123;31.2683015003044;31.2685366007575;31.2693465624906;31.2687125686768;31.2680267022838;31.268165399876;31.2685102232012;31.2683000286895;31.268449607864;31.2680920054059;31.2678744963692;31.2677015483133;31.2679300352317;31.2677850662972;31.2679483963636;31.2681181527003;31.2678707173927;31.2676966431358;
32.1216106041619;32.1187345111782;32.1184958785942;32.1210388362559;32.120326895917;32.1207824692629;32.1222258541461;32.121640962782;32.122407954049;32.1213170322843;32.1211943966408;32.1215384091093;32.1212357865544;32.1201404492544;32.1200083131463;32.1208656512388;32.1214718558744;32.1218025078898;32.1222444757543;32.1218237506979;32.1195656964985;32.1206963219047;32.1214643669616;32.1199045876001;32.1195007124643;32.1202301049557;32.1211177429973;32.120616781809;32.1204639245504;32.1203748207215;32.1212884345038;32.1216317057548;32.1198185192469;32.1198903818608;32.1208246124883;32.1218476553009;32.1221667514049;32.1203702180514;32.1189422566925;32.119792750403;32.1206696060808;32.1203872621771;32.1201110223187;32.1195204335143;32.1204196560363;32.1197681090168;32.1205088346646;32.1206768929551;32.1210014242669;32.1204971852101;32.1194903878891;32.1201129483965;32.1213786321649;32.1215281901359;32.1204451127628;32.1203130614648;32.1204576392749;32.1203702242371;32.120590612435;32.1205024473715;32.1201897241931;32.1208535781456;32.1200045400178;32.1197790873934;32.1206488802466;32.1209491451096;32.1209205787506;32.1198711935799;32.1204625592426;32.1208217197019;32.1202270465498;32.1204622321348;32.1206921065786;32.1206750320584;32.1203410015703;32.1205669040406;32.1201136416077;32.1200825263863;32.1203594960286;32.1206028943768;32.1205704046398;32.1201150576046;32.119785972024;32.1198978289442;32.1202604938978;32.1199536919001;32.1197459078225;32.1196730806215;32.1201422344328;32.1201405053718;32.1198081422786;32.1194703481776;32.1200000570322;32.1199425949855;32.1198058825252;32.1198268514153;32.1200318760962;32.1196963698459;32.1195972948789;32.1198102325335;32.1196019395429;32.1193958874641;32.1198368582195;32.1197598262659;32.1196318473566;32.1192101188023;32.1193055046175;32.1191295415761;32.1191610289477;32.1188691187918;32.1191151505859;32.1190013292153;32.1191391158809;32.1188718008392;32.1185056666532;
32.972355662097;32.9707587892779;32.9694549353486;32.9713254606346;32.9723439823441;32.972014252913;32.9720843842078;32.9705392839565;32.9718539631621;32.9731755144061;32.9720159179043;32.9709728413638;32.9700717177097;32.9727967663522;32.9723663227835;32.9727329093243;32.9726998901516;32.970368570121;32.9712953079261;32.9744588484285;32.9719527634007;32.971159733305;32.9713489866006;32.9732790814184;32.9715346162918;32.9707903217526;32.971702384336;32.9722912195914;32.9721650960973;32.9717738244147;32.9720595325944;32.9725318484075;32.9719907525449;32.9730314727051;32.9711525123443;32.9719772383563;32.971858456145;32.971809097862;32.9708543565621;32.971934956392;32.9726452288063;32.9717560631751;32.9718269311166;32.9730257680576;32.9711330459646;32.9706552138237;32.971423530034;32.9715184859715;32.97211062854;32.9716321448543;32.9711721915659;32.971761519903;32.9716285594484;32.971805744855;32.9704492170018;32.972094129264;32.9723257359058;32.9720326558727;32.9712627815534;32.9715155318057;32.9722065441685;32.9723620552514;32.9714726068565;32.9716798777076;32.9714676146285;32.971988366161;32.9717089781249;32.9711921067568;32.9718047170363;32.9724786584241;32.9719458234805;32.9719217631517;32.9712681305574;32.9714544197232;32.9711892897977;32.9712811963627;32.9717735758549;32.9717436316207;32.9715647460946;32.9716301248937;32.9711638939799;32.9713486361482;32.9707709135226;32.9705853885137;32.9710041024926;32.9716759303735;32.9711196185903;32.9711969269411;32.970987439675;32.971338408132;32.9708284145352;32.9705884796729;32.970876966314;32.9711718993602;32.970948304295;32.9711731386923;32.9709631892612;32.9710111626908;32.9705834901584;32.9703948924418;32.9704534983073;32.9706684279949;32.9707092724712;32.9709377540146;32.970821341673;32.9707874443505;32.9705712497877;32.9704525272335;32.9703063021245;32.9701347850614;32.969965187194;32.9702805923953;32.9700164748387;32.9699157079589;32.969957374071;
33.8238568864147;33.823259679115;33.8224132577138;33.8225119793393;33.8237350138373;33.8229300403672;33.8229406287458;33.8219359399747;33.8227202013099;33.8234731091017;33.8240400239178;33.8218494427048;33.8217365719907;33.823331548322;33.8223992186243;33.8227660912845;33.8235899069563;33.8226465684877;33.8232304356662;33.8232490313249;33.8239817428336;33.8231199501553;33.8222167525935;33.8228296581991;33.8228312299025;33.8223146540895;33.8230767666671;33.8229229523557;33.823211259475;33.8228129640613;33.8231379232458;33.822759304717;33.8239220945263;33.8229050591651;33.8228807078912;33.8222959917648;33.8219097793243;33.8221189939057;33.8223249372522;33.8230651616796;33.8237678923844;33.8234597554445;33.8232871223576;33.823097254106;33.8229099099473;33.8227195219987;33.8230888097189;33.8229943936702;33.8235746432925;33.8228420282404;33.8229204069127;33.822598073922;33.8229212324487;33.8222248768648;33.8214492202514;33.8223992066127;33.823117322165;33.8222530098184;33.8222866495643;33.8223847328959;33.8233786841881;33.823259600696;33.8222203405702;33.8224381096324;33.8226403580262;33.8226584167687;33.8224805534655;33.8218229794175;33.822900942251;33.8230844570203;33.8237269198093;33.8227098363564;33.8214099572055;33.822358090021;33.8231683167419;33.8225929848535;33.8233773682973;33.822897579315;33.8228281856397;33.8226709289417;33.8227810473878;33.8223700914561;33.8222599575813;33.822593527658;33.8225193085848;33.8221805756637;33.8223943758821;33.8226197590472;33.8229701370141;33.8222050482045;33.8221269458944;33.8221743148211;33.8225089643128;33.8222408931911;33.8222509592062;33.822178477075;33.8221530548895;33.8220978265989;33.822214318778;33.8217196135899;33.8219213272158;33.8218200960525;33.8216961029509;33.8216194117662;33.8221932817968;33.8218129853029;33.8218213442358;33.821700899747;33.8216651412921;33.8213262997965;33.8215002025232;33.8214608799503;33.8212293763275;33.8206020939337;33.820969473426;
34.6747534364752;34.6733600320525;34.6720157901375;34.673804290682;34.6747735369387;34.6740989372405;34.6741785353018;34.6737239784178;34.6749871762988;34.6744116457194;34.6745027337606;34.6735240801136;34.674136642902;34.6739632389909;34.6739728463565;34.6739057833282;34.6736927082232;34.6732239034717;34.674443097864;34.674785602191;34.6738051547721;34.6733479808909;34.6742220783692;34.6736936870067;34.6743396868505;34.6752516776435;34.674132035242;34.674069265815;34.6736874523602;34.6729422307321;34.6749325505649;34.6743719572154;34.6728177181409;34.6719708290962;34.6744341898288;34.6739809850165;34.6737033662946;34.6735989768455;34.6732488432395;34.6739248708528;34.6733964409939;34.6736143173236;34.6738192869446;34.6741939717142;34.6744314299292;34.6743677755354;34.6746514053105;34.6744850292857;34.6737915700826;34.6733251918743;34.6739126358607;34.6747585397418;34.6742270710082;34.6730850324188;34.6736920361338;34.6742137382137;34.6736957634697;34.6734383712794;34.6741355341806;34.6739121173589;34.6736570504096;34.6742304704626;34.6734861794495;34.6740205980703;34.6743000786859;34.673981178782;34.6736333602223;34.6724666481912;34.6731133183642;34.6740964594015;34.673875961649;34.6731445126376;34.6734548398782;34.6739039645733;34.6738527750479;34.674292438076;34.6741289484451;34.673751654769;34.6736207262922;34.6734136773249;34.6734005236626;34.6741208496177;34.6731978292444;34.6738235992091;34.6738286693846;34.6730109331192;34.673412709686;34.6738180903012;34.6735757102225;34.6736819116595;34.6730422367877;34.6734796737319;34.6732807267926;34.6732923737671;34.6733155438143;34.6732686555273;34.673220328053;34.6735228764855;34.6733238411795;34.6729909372116;34.6728258306913;34.6732988071721;34.673147487971;34.6730500512349;34.6728074995463;34.6727501172453;34.6727977425206;34.6730323527876;34.6725818589498;34.6725971665037;34.6726021347926;34.6726635181985;34.6721774412336;34.6722240294276;34.6721955048818;
35.526958566458;35.5255249671411;35.5242306188363;35.5249865640828;35.5247688024541;35.5246625823171;35.5248593916261;35.5250430379832;35.5254810891029;35.5244165412033;35.5240945240799;35.5264542825292;35.5268901129319;35.5258638533543;35.5260266760077;35.5246853197114;35.5241262053589;35.5250715444379;35.5257908860634;35.5257744148409;35.5245395393641;35.5254907494072;35.5260487879349;35.5258894301628;35.5259617764971;35.5257237884326;35.5258297112764;35.5247358987043;35.5244155745651;35.5248148551854;35.5253916813912;35.5262788333679;35.5256392566596;35.5250899199704;35.5253737207501;35.525506933515;35.5259515036085;35.5253805862327;35.5246295243502;35.5248565057217;35.5250225354552;35.5250851692597;35.5256947952624;35.5249325745105;35.5250998773015;35.5250997956717;35.52611357248;35.5255535726784;35.5252078326668;35.5252916455009;35.5250458200503;35.5255806908094;35.5255771631083;35.5252506079568;35.5251903787845;35.5261201476987;35.5257161162379;35.5256336781508;35.5253295843361;35.5251298520436;35.5256300888452;35.5251212653487;35.5244355591006;35.524991456281;35.5254196819367;35.52510240905;35.5247543276139;35.5248260908023;35.5245806039608;35.5247795896914;35.5241175600585;35.5245664617903;35.5253745408265;35.5250606036655;35.5250140210664;35.524831860317;35.5252554045533;35.5248334300125;35.5245998620448;35.5246169367238;35.5246539716643;35.5247725868388;35.5244480864743;35.5251566056711;35.5249373411579;35.5245497005925;35.5249990034827;35.5244441331658;35.5244188979193;35.524318891307;35.523990782145;35.5240723773003;35.5241816960507;35.5243378607923;35.5245592765593;35.5243008423796;35.524337601042;35.5241545717386;35.5241696820288;35.5240523525992;35.5240149576715;35.5239393858682;35.524482648709;35.5244311114597;35.5237779458538;35.5235571617108;35.5238900039944;35.524137773718;35.5239870577407;35.5235451921464;35.5235827501007;35.5235173461286;35.523239219769;35.5234110008015;35.5232958705118;
36.3754000084992;36.3773016047107;36.3761243775346;36.3749876558371;36.3761084583527;36.3765789587203;36.3767624301094;36.3772284483112;36.3765360705583;36.3761570606966;36.3769119260075;36.3777094794928;36.3755749827169;36.376052936705;36.3767319339612;36.3762311524388;36.3776216113949;36.3780122973417;36.3764880359698;36.3759944932451;36.3764652018113;36.3779239944862;36.3767074560829;36.3758869611447;36.3773401711341;36.3761546160361;36.3761168899068;36.3762999003196;36.3757658461285;36.3766602587119;36.3762552743491;36.3768439145269;36.3771468091179;36.3774174240315;36.3762900482554;36.376990683801;36.3763346392456;36.3751665040967;36.3760226133523;36.3766199039701;36.3762644024686;36.376701744337;36.376575291553;36.3754678179186;36.376373891342;36.3756002076914;36.3764791232444;36.3768346584722;36.3765626239991;36.376445457814;36.3764601102987;36.3763771351829;36.3763069661674;36.3768989685489;36.3755410881478;36.3761655825083;36.3762286225991;36.3770542122284;36.3764340014024;36.3763332334014;36.37618012321;36.37600312372;36.3760012279351;36.3763306094335;36.3764978856832;36.3753337358548;36.3760902012806;36.3768640645648;36.3762092060154;36.3761408141413;36.3765624309968;36.3770561746455;36.3760231517362;36.3759590329226;36.3761740928501;36.3759748597824;36.3761415605233;36.3757972820153;36.3757168329839;36.3756825116276;36.3757262380943;36.3760319373725;36.3759865060966;36.375854277255;36.3759817589859;36.3764451324221;36.3757164921883;36.3753139999578;36.3758846222742;36.3752557804052;36.3751090529269;36.3757545992835;36.3755588995682;36.3756060330106;36.3755395630675;36.3753571927146;36.3752826003835;36.3754291464425;36.3752530319973;36.3752227695305;36.3754060173337;36.3752883801334;36.3752362540546;36.3754688635468;36.3750949268713;36.3748045633698;36.3748686307851;36.3753716976823;36.3751851333219;36.3746685605005;36.3745860285513;36.3748732912604;36.374636935133;36.3742865193424;36.3744281370655;
37.2279387901029;37.228084922726;37.2278202416819;37.2278984439076;37.2278854879286;37.2281603149665;37.2288708912295;37.2273413331012;37.227120042599;37.2278644579763;37.2283209066344;37.2277168845583;37.2275884657632;37.2276729714756;37.2274576397173;37.2273098323732;37.2280420593118;37.227368408539;37.2270272441406;37.2276258964272;37.2279544145622;37.2281002444391;37.2277864440529;37.2266436372997;37.2272857508126;37.2264428039355;37.227012391093;37.227424709184;37.2275023940518;37.2274664861053;37.2275234126948;37.2283352902483;37.2290949327839;37.2277474445625;37.2271194936789;37.2277694083266;37.2270885174158;37.2271281622339;37.2276855154994;37.2282761242568;37.2275946823012;37.2266405294874;37.2276551155806;37.228121827738;37.2279209195054;37.2269199040281;37.2273411312022;37.2275772784335;37.2264591095347;37.2267075039096;37.2281144684994;37.2269226444142;37.22677500898;37.2274253612602;37.2276907611782;37.2277636742211;37.2281839843719;37.2274881647054;37.2274771619564;37.2276859276182;37.227261925161;37.2275218109969;37.2276876962146;37.2274844963062;37.2274752132391;37.226935609266;37.2275448818479;37.2274711178968;37.2269878944529;37.2269231779506;37.2282171900157;37.227492550834;37.2270615940937;37.2272334557503;37.227821120303;37.2273560478544;37.2274251237983;37.227155503797;37.2274566439512;37.2272998373565;37.227253254884;37.2271840734667;37.2268491297013;37.2265926539574;37.2272442329455;37.2271928750616;37.2269926830417;37.2269741812484;37.2272105183323;37.2264046310746;37.2262685174536;37.2265773790289;37.2265853519469;37.2266942942386;37.2273256037689;37.2269204349194;37.2266435614201;37.2267551154987;37.2269850700346;37.2263977789086;37.226668195599;37.2265471311204;37.2265495370925;37.2263525603514;37.2263504735256;37.2262450294711;37.2262731443415;37.2262383517776;37.2264006057932;37.2260106116624;37.2258629216853;37.2258184409275;37.2258421051556;37.2255026984001;37.2254416998119;
38.077286942399;38.0777289567649;38.077851751607;38.0803189220803;38.0794230873457;38.0787870986609;38.0788109755318;38.0794936478556;38.0790778626644;38.0796258636331;38.0791161786123;38.0782538613503;38.0782121268841;38.079441172915;38.0786411875564;38.0791881363034;38.0789068357814;38.0789227073961;38.0800930460886;38.0795454651047;38.0780509394367;38.0790307088102;38.0792789009188;38.079400139358;38.0796212465835;38.0792105673311;38.0787701573538;38.0779758321159;38.0778235433045;38.0786019364837;38.0780001792759;38.078577792632;38.0790942614229;38.0788805315217;38.0787502834132;38.0791081928097;38.0781475419953;38.0781973354046;38.078573991258;38.0796757658595;38.0789772826138;38.0780328001529;38.0791436472879;38.0794198031896;38.0786985501917;38.0789853048349;38.0784133463928;38.0791298784146;38.0776879689573;38.0772167888064;38.0790239448782;38.0789484473286;38.0787516211935;38.0786940718261;38.0787125717189;38.0795235576917;38.0785652850218;38.0786172361804;38.0788728093187;38.0787487932307;38.0786055600137;38.079228924394;38.0790998716296;38.0786598066844;38.0785224515845;38.0787894599871;38.0783750354555;38.0785655316761;38.0783964448877;38.0787694739517;38.0783560278181;38.0780763669525;38.0784877114863;38.0790161607335;38.0791074090169;38.0784521254865;38.0781115063203;38.0784992296104;38.0780375075661;38.078412159445;38.0780076991927;38.0781159064273;38.0780230329408;38.0789569952464;38.0783224904263;38.078372599209;38.0781353840825;38.0780271320932;38.0779162031484;38.0775804799613;38.0774219710962;38.0778062466277;38.0779335649496;38.0781164830173;38.0782754790424;38.0784594071074;38.0775334746917;38.0775414649013;38.0776834322415;38.077871446334;38.077550277054;38.0778702352084;38.0775023135681;38.077711266373;38.0774717696327;38.0774162904827;38.0775112080931;38.0772468923277;38.0771649801502;38.077626442381;38.0771548717942;38.0768271619398;38.0768849869028;38.0766935234521;38.0765607600856;
38.9288438786377;38.9292442936267;38.9295114857237;38.9311794454308;38.9320832922721;38.930762848674;38.9318500352527;38.9307001031876;38.9286662096343;38.9295510539748;38.9303874890907;38.9293892092696;38.9286761293053;38.9303690718445;38.9305181649398;38.9294962732127;38.9298335678698;38.9312336164616;38.9298722771842;38.9295798201128;38.9301282459731;38.9297448686956;38.9288732582361;38.9297304922509;38.9302655918439;38.9295928294171;38.9296592128182;38.9297060070083;38.9298718980435;38.9300312267138;38.9295057565489;38.9293411467048;38.9289730150036;38.9293547067308;38.9297461686555;38.9298527075447;38.9297562431533;38.9292304409675;38.9297767160455;38.9302693111008;38.9299054715304;38.9287375322135;38.9298926286511;38.9301690539878;38.9301574383582;38.9297311773141;38.9290587702016;38.9301437751467;38.93063526186;38.9296161895321;38.9294275658864;38.9299881916794;38.9299563963833;38.9296755011627;38.9303556466539;38.9297904429104;38.9291272971794;38.9298095057297;38.9297298116664;38.9296035860469;38.9290924814099;38.9297603618053;38.9306975661914;38.9299793453275;38.9302482151908;38.9299734729957;38.9297132433558;38.9296474084065;38.9296222933087;38.9298435926676;38.9300881564543;38.9293062106077;38.9290302007562;38.9291596640748;38.929617005776;38.9293689599882;38.9295117547703;38.9290769729182;38.9290240918622;38.9292122266067;38.9291615624216;38.9293239638998;38.9296095521362;38.9298286480071;38.9293398500211;38.9290561125443;38.9293317711781;38.9293393301558;38.9288662925131;38.9288763444171;38.9289831513438;38.9290826924206;38.9289884198533;38.9288612728633;38.929048658045;38.9288643291211;38.9285118159807;38.9287324458688;38.9285899841816;38.9289160114118;38.9286038157505;38.9285436662674;38.9286431787324;38.9285667591391;38.928919692451;38.9286583255129;38.9285097121265;38.9281100028342;38.9283383456631;38.9284842570264;38.9283963125542;38.928014864272;38.9279416973899;38.9277620130419;38.9276220642607;
39.781253138663;39.781222578422;39.7810333811339;39.7805282738694;39.7807078211148;39.7808725903719;39.7810146456433;39.7816874318061;39.7805558896578;39.78045960333;39.7824641891064;39.7825312574363;39.781307820582;39.7802559916323;39.7810573029313;39.7810588618672;39.7793203452328;39.7799234869212;39.7806174216616;39.780684036726;39.7813096727491;39.7805763288101;39.7797417216096;39.780120409579;39.7807934782454;39.7819930356555;39.7842165604893;39.7812256100084;39.7809831501012;39.7811618292953;39.7811560120643;39.781221305433;39.7811923482187;39.7804097129412;39.7809134793335;39.7809649968552;39.7809748109223;39.7814298297278;39.7807792105893;39.7805278130273;39.781119097729;39.7814755504639;39.7812627802142;39.7807156966821;39.7812995162024;39.7811490091676;39.7804642268383;39.7805039956919;39.7814827712149;39.7817575007451;39.7810862101897;39.7807329757891;39.7807014007;39.7798474743941;39.7804159312041;39.7799483215819;39.7806469069506;39.7821450956029;39.7810033996989;39.7800284101951;39.7804515038193;39.781810756939;39.7811882609719;39.781073561848;39.7812354099579;39.7810752181537;39.7810634674145;39.7806006384935;39.7806896266726;39.7809777970039;39.781395423232;39.7808469645288;39.7803246250868;39.7808106393297;39.7809427845253;39.7806974122694;39.7803383212426;39.7803222193333;39.7806344916801;39.7805219074634;39.7804331134393;39.7804141862002;39.7800595310095;39.7801892107807;39.7804321373402;39.7804017054623;39.7803860728281;39.7806934117409;39.7802892618762;39.7801273743981;39.7809471983521;39.7810815758085;39.7805939694095;39.7803579293295;39.7799963314425;39.7794416523376;39.7798317829667;39.7803479769155;39.7796758579466;39.7796537360725;39.7797616230487;39.7797759731068;39.7797158667385;39.7795893125286;39.7793458411565;39.7797028161676;39.7795339693938;39.7793359138805;39.7793549238254;39.7793274348681;39.7793891306112;39.7794583637843;39.7790535941098;39.7789684685134;39.7791030091346;
40.6325686979734;40.6325178739367;40.6317294159837;40.6319017969158;40.6315734971919;40.6325836027627;40.631823663188;40.6323128610676;40.6335774087843;40.6328700047888;40.6320010595112;40.6332875563712;40.6330048903007;40.6319726841659;40.6320236351455;40.6321181177539;40.63194075317;40.6318358818248;40.631655890067;40.6324080073379;40.6318516027235;40.6327858143754;40.6324871237296;40.6322445579852;40.6321148809633;40.6309190098555;40.6332316297319;40.6315741137233;40.6313906235719;40.6319933308078;40.6328395242807;40.6320896343724;40.6323754736741;40.632675995799;40.6320702819503;40.632337343736;40.6325737986768;40.6318054418786;40.6318824581796;40.6323353385366;40.631819320147;40.6325899450127;40.6320786333156;40.6318198517203;40.6315738715239;40.6321444537541;40.6333533605922;40.6334304217043;40.6326279774274;40.6322976591177;40.6319285465173;40.6319006424497;40.6316557061251;40.631317327137;40.6316839284491;40.6314480937016;40.6319045669208;40.6324693971602;40.6322802204172;40.6327980815093;40.6325918613724;40.632241874766;40.6318815696574;40.6322725125984;40.6323188516658;40.6321692454129;40.6319573359762;40.6320543604318;40.6322355340302;40.6321474214326;40.6318696083879;40.6319489859853;40.6319858657546;40.6320098318154;40.631618267657;40.6320057390167;40.6320873411895;40.6312836735342;40.6318346764529;40.6319275547512;40.6318615546146;40.6312305111544;40.6307752663545;40.6313634502519;40.6319754254152;40.6317782306546;40.6315563061033;40.6314231662008;40.6316488456278;40.6313549332197;40.6317969623197;40.6317464743057;40.6319185962536;40.6314905540511;40.6311228851077;40.6310289449274;40.6309153701016;40.6308692978909;40.6308655894718;40.6308439000949;40.6309602225948;40.630800327223;40.6309358143696;40.6308178607396;40.630494776308;40.6307085025369;40.6306632418722;40.6306294431454;40.6306249394189;40.6305737836519;40.6306106255994;40.6304077640443;40.6302766666133;40.6304498245575;40.6304021971807;
41.4853688585751;41.4855284805897;41.4825328460841;41.4828534242728;41.4842123648594;41.485735323288;41.4842512594213;41.4817640334724;41.4835823332416;41.4859726372777;41.4836565749639;41.4833768986099;41.4834156967306;41.4830220724673;41.4835391800919;41.4844143504299;41.4835293216663;41.4840145212927;41.4836574691024;41.4826343809515;41.4822317617359;41.4842404374072;41.4839665372738;41.484193811035;41.4831966861504;41.4819609784958;41.4830969713102;41.4834685809923;41.4828441662659;41.4837086574621;41.4834998292771;41.4825648050359;41.4834198988153;41.4834112930855;41.4828268613031;41.4841427575611;41.4839373988785;41.4831416185518;41.4834195256545;41.4831140420236;41.4818550606629;41.4839028360551;41.4836216352331;41.4830537282093;41.4823241739192;41.4834554227091;41.4831910237836;41.4837079673913;41.4830723575161;41.4834025827394;41.4832864330194;41.4831505754192;41.4832679884436;41.4838297665513;41.4832105023061;41.4833805356228;41.4832314443245;41.4822085077233;41.4819462454392;41.4837923891716;41.4827940369559;41.4828658272763;41.4830302338981;41.4837716253072;41.4833751449978;41.4832151490585;41.483155178119;41.4830477381238;41.4832614848816;41.4831812072214;41.4827455157077;41.4833511594087;41.4837187865129;41.4833663098521;41.4829958389573;41.4833611696675;41.4831326702425;41.4829743977808;41.4829782923466;41.4832211645708;41.4826205438702;41.4823731301793;41.4824374352587;41.4828850526464;41.4828504919504;41.483151124109;41.4825216685625;41.4825046749655;41.4827484684387;41.4827646045074;41.4824658954952;41.4826435307624;41.4824534468698;41.4822523234295;41.4825290780534;41.4825881137897;41.482013263898;41.4820221137884;41.4822826491022;41.4822338547296;41.4819811731383;41.4821833428961;41.4821071116771;41.4820174923539;41.4817379616152;41.4818706855536;41.4818297248599;41.4818740641508;41.4816064946642;41.481915496971;41.4817849095992;41.481524087497;41.4814426643827;41.4812740159435;41.4813863117743;
42.3333583824955;42.334849592609;42.3354883193203;42.3341934528827;42.3359263062342;42.3355091426546;42.3341215785616;42.3342273648102;42.3354750943231;42.3342483091254;42.3348760177745;42.33562836624;42.3342537347697;42.3342180812796;42.3347893944647;42.3346834627793;42.3349539249147;42.3349962120308;42.3343044989195;42.3336056238927;42.3348837605096;42.3354713809604;42.3354103552528;42.3351112841406;42.3349025832409;42.3348621665171;42.3359593889431;42.335174592327;42.3343033305618;42.3345712606896;42.3345876632847;42.3338627406768;42.3350591440772;42.3348045941727;42.3345789878827;42.3346387435695;42.3349877254981;42.3349181154828;42.3349343703482;42.3342023097667;42.334850422222;42.3347691250693;42.3344356529353;42.3342743565137;42.3348374927521;42.3350184839126;42.3343584471224;42.3338982450494;42.3339590953012;42.3340080330513;42.3348024097171;42.3347849135081;42.3336023168858;42.3341589371854;42.3346687492826;42.3343105033878;42.3344622571694;42.3345551737887;42.3351543752611;42.3342776504436;42.3340792653093;42.3345297074691;42.3345067059988;42.3342575344793;42.3343029452078;42.3344055796232;42.3350370685889;42.3342116739747;42.3343173695266;42.3341729324591;42.3344349987853;42.3348869941441;42.3347900518743;42.3342418633899;42.3342293507762;42.3340655309332;42.3338603736606;42.3344117718705;42.3343396596783;42.3341784004523;42.333952877782;42.3338733341889;42.3337497319008;42.3339855209832;42.3339860810078;42.3338095071029;42.3336110179505;42.3339230833629;42.3338363772456;42.3335131845135;42.3336451624361;42.3336555936442;42.3337777650563;42.3335593023738;42.3336751322388;42.3335298358066;42.3333719066716;42.3332874284254;42.3333154812957;42.3332240548047;42.3335827395309;42.333333408144;42.3335755262157;42.3333233638609;42.3329903952861;42.3330125607233;42.3330429996934;42.3327313253108;42.3326865971133;42.33271518309;42.3329142518533;42.3325123445135;42.3323575493526;42.33218918277;42.3319132132616;
43.1859167303881;43.1856479465724;43.1864853873709;43.1850874177857;43.1870419573476;43.185909115436;43.1861565583974;43.1863574080029;43.1860000739163;43.1852323306275;43.1856163695684;43.18642623978;43.185964224267;43.186161975656;43.1862523779201;43.1848274634132;43.1848053751011;43.1852377993558;43.1852919204394;43.1856269481485;43.1863141632038;43.1862531242749;43.1858775550067;43.1862538633636;43.1854138314618;43.185969688012;43.1862560075566;43.1868157961141;43.1861015135307;43.1860083809346;43.1853337254691;43.185194888597;43.1861983351925;43.1859473539353;43.1858715460933;43.1864250000127;43.1854812262341;43.1852614166857;43.1863575349866;43.1856462225331;43.1861595459971;43.1854952039736;43.1856564841941;43.1856432723462;43.1855743372806;43.1853877413786;43.1861347241189;43.185829905284;43.1851375562434;43.1857973435117;43.1860161383002;43.1855130197936;43.1847872556517;43.1855248964969;43.1857492622812;43.1856819699815;43.1861337357196;43.1863238161378;43.1855794208575;43.1843808835625;43.1851064759467;43.1858245143947;43.1853820893864;43.1852176378512;43.1854798978441;43.1860729888044;43.1855050426253;43.1853514276426;43.1857565346478;43.1851012683869;43.1850275757374;43.1849582527363;43.1848088538946;43.1853492001479;43.1853986349755;43.184927128695;43.1849687293939;43.1851081234368;43.1849434533644;43.1851498523429;43.1851911605234;43.1850790644761;43.18517292753;43.1851187467391;43.1850745313008;43.1850342046657;43.1849810925468;43.1850201398127;43.1850275270975;43.1850968471626;43.1847058725038;43.1846492794425;43.184819596842;43.1848363079236;43.1847578104269;43.1848215019305;43.1845182611539;43.1844644211026;43.1844014294941;43.1843836924272;43.1843363002306;43.1841206405635;43.1843948769064;43.1842391010286;43.1841202611639;43.1841957290658;43.1840579529241;43.1838752186256;43.1839016012609;43.1840257151497;43.1836822567269;43.1836192833718;43.1835334418579;43.1833935084868;43.183271492493;
44.0367473560095;44.0367471316172;44.0371451091777;44.0375242536714;44.0356181210443;44.0362203558411;44.0374387680331;44.0370139876963;44.0361364558392;44.0374154210126;44.0358826819479;44.0361621796141;44.0373771093131;44.0373993824745;44.0371342186649;44.0365372472959;44.0365792657687;44.0365533606195;44.0367505799703;44.0368130975201;44.0377941520407;44.0379690859387;44.0364350392296;44.0374403674711;44.0362733401055;44.0369333562296;44.0370978491917;44.0372288307519;44.0369094719395;44.0365195567063;44.0350827220443;44.0374824522784;44.0366804412998;44.0378164730291;44.0372673577543;44.0375180854334;44.036844638258;44.0370107778164;44.0374498519092;44.0369243809507;44.03734251041;44.0380640121392;44.0371107142103;44.0365298739069;44.0363405255567;44.0359693863877;44.0366514407228;44.0366367644511;44.0364581158467;44.0374565884008;44.0366166586473;44.0362434685319;44.0368982284979;44.0370175734298;44.0369943071458;44.0373295361564;44.0376622220763;44.0368210102851;44.0361180709315;44.0370729146563;44.0367283108367;44.0367006543862;44.0365769704441;44.0367084293847;44.0363333326424;44.0370768199604;44.0365611133371;44.0360639824312;44.0365564413401;44.0365778568459;44.0364758462424;44.0365636607332;44.0364437128077;44.036957461062;44.0362927606588;44.0366571619747;44.0363084580043;44.0361059333658;44.0359285188792;44.0365236186148;44.0364043136693;44.0360326607052;44.0361113364219;44.0357434395553;44.0359136184973;44.0364874008448;44.0368193846409;44.0360804068713;44.035962906861;44.0361633402887;44.0357307533196;44.0356771652422;44.0358464818121;44.0357158094977;44.0355725911729;44.0357115443702;44.0358212940789;44.0357620874318;44.0357061426432;44.0354023125621;44.0352135875494;44.0351058194209;44.0353643642407;44.0352057093383;44.0350888947126;44.0353323598446;44.0352870720759;44.0351794816609;44.0353933300483;44.0351781087024;44.0347021395728;44.0346433725412;44.0346435217746;44.0344574466243;44.0342892390762;
44.8869880036537;44.8876125278485;44.8887218617846;44.8883045377354;44.8882493893646;44.8872767488887;44.8875518845008;44.8870763274082;44.8872702502565;44.8886943058254;44.8880814145519;44.8877807974252;44.8877345812249;44.8871640613373;44.8879036466724;44.8883057311288;44.8885363978754;44.8876940797442;44.8875672613443;44.8874731724658;44.8881593334684;44.8878017869378;44.8866815578503;44.8873789683453;44.8878036845548;44.8880730395098;44.88781163963;44.8874575014403;44.8871160633708;44.8867390907602;44.885587728407;44.8885785131203;44.8879495663764;44.8888930390816;44.8887036850209;44.8883279323913;44.8881422918918;44.8883325837152;44.8880176911163;44.8879393772507;44.8878232722975;44.8890348152149;44.8873476695628;44.8870064072338;44.8881120436788;44.8878440957219;44.8879015510212;44.8878938776365;44.8883237879742;44.8878015747951;44.8874805803809;44.8878279491598;44.8880981455074;44.887997484179;44.8876949554452;44.8876988297858;44.8882759314424;44.8879429081791;44.8880092978964;44.8883363956864;44.8878542349086;44.8884014947235;44.8876098702972;44.8876762058931;44.8879874567757;44.8879956424368;44.8880676821812;44.8872742881902;44.8875783624161;44.8883656713914;44.8880644635298;44.8876730031445;44.8876576457711;44.887705286118;44.8867901408773;44.8880557603125;44.8879895027152;44.8873481233193;44.8873142339614;44.8875238614636;44.8874728918744;44.8873058855888;44.8872076400674;44.8868824677982;44.8870859683961;44.8878600870632;44.8875915891879;44.8868808492821;44.8871756572659;44.8868708195275;44.8868270567043;44.8873214030626;44.8871635211011;44.8868979210556;44.8868018806382;44.8865852442256;44.8867965606032;44.8873369451097;44.8874335095491;44.8865008353707;44.886466443224;44.8866308369195;44.8864693191363;44.8865132177615;44.8863408235883;44.886403065784;44.8865018052431;44.8866035652895;44.8865015963176;44.8860692856795;44.8861130340614;44.885753769299;44.8857075645682;44.885948318679;44.8854724062355;
45.73946972039;45.7390097989772;45.7392275881282;45.7385480351287;45.740277891998;45.7407763011123;45.7387212170224;45.7386963635265;45.7403790942441;45.739825350494;45.7397340378176;45.7393208514053;45.7393428379629;45.7389076474358;45.7389776430404;45.738543292163;45.7385599513768;45.7390059683838;45.740048495922;45.7396251214841;45.7391323896673;45.7393483003049;45.7403251468656;45.739703531207;45.7401541984029;45.7389431030396;45.7376938827736;45.7378688449344;45.7388519170685;45.7393728226639;45.7395955256617;45.7393602183424;45.7389710827102;45.7392442489721;45.7402549993421;45.7394039064552;45.7388650966292;45.7389259330176;45.7398322045167;45.7392500046265;45.7391699577975;45.7391036023376;45.7392480192658;45.7393156729291;45.7395922655902;45.7386272185713;45.7394130806326;45.7394839695295;45.7397273626733;45.7393639509646;45.7399717381453;45.7389962239515;45.7391364509905;45.7394243130708;45.739128443207;45.7387454857894;45.7391942468786;45.7389152002417;45.73961311907;45.7389932613818;45.7384303447721;45.7393694643746;45.7388002827773;45.7388668856015;45.7394615731401;45.7388684126074;45.7391391588396;45.7388169974863;45.7393996206683;45.7391313503211;45.738303263802;45.7385410180627;45.7388042339866;45.7387367605424;45.7389624564951;45.7387182245758;45.7388035433588;45.7386596257785;45.7387897538132;45.7386275244652;45.7389168901406;45.7388221172923;45.7390692318762;45.7385978821944;45.7384926861747;45.7385632872258;45.7385450321276;45.7383291496092;45.7388450357025;45.738429192618;45.7384584510901;45.7383574097304;45.738401548953;45.7381600459658;45.7383799291146;45.737981310422;45.7378446852294;45.7379861651417;45.738332896628;45.7378351095972;45.7378438260691;45.7376318033343;45.7375869172589;45.7376697052246;45.7376965780635;45.7372269745078;45.7372271753239;45.7375476150891;45.737510739031;45.737097131054;45.7370920810871;45.7368548998129;45.7367841009046;45.7368536860391;45.7367743226363;
46.59046521533;46.5901510609743;46.5904537355582;46.5907739905633;46.5912088044788;46.5909317754469;46.5897857061053;46.5912957355966;46.5902385738811;46.589423594906;46.5898423715836;46.5921088086748;46.5911404600522;46.5920845863492;46.5900585182857;46.5896616824932;46.5894712790277;46.5902815665075;46.59031708859;46.5909297687088;46.590469262136;46.5896260724223;46.5899037817483;46.5897799102099;46.5894274976597;46.5904584375859;46.5901721802937;46.5905506808307;46.5905817199702;46.590261322134;46.5893988799448;46.5906605853114;46.5909534516077;46.5901265792306;46.5901945864209;46.5906743121798;46.590344045268;46.5907168951043;46.5912934151787;46.590985037901;46.590031886728;46.5898010607516;46.5902511733301;46.5900837994737;46.5900863111219;46.5901676548005;46.5904777306613;46.5901518743777;46.5899382262708;46.5903808544621;46.5898544551744;46.5897569978073;46.5905009580231;46.590475311588;46.5900189517545;46.5902282149613;46.589944325028;46.5898094024999;46.5902884106114;46.5905271055684;46.5899334692975;46.5900919252592;46.5903430866908;46.5898096253301;46.5895865664583;46.5899912215731;46.5901691924161;46.5903446616991;46.5905200690017;46.5902573687397;46.590208312071;46.5905103867609;46.5902735510883;46.5900850317281;46.589791605783;46.589713499641;46.5894962688093;46.5897341626526;46.5897240189938;46.5901743461615;46.5900455859978;46.5899297161009;46.589942165136;46.5897673159677;46.5895149663217;46.5895188868107;46.5896932729325;46.5900352549309;46.5892491435972;46.5890793564388;46.5893601244671;46.5895633068984;46.5895012897375;46.5893908421438;46.5892399131404;46.5891361805417;46.5890203682845;46.5890346736278;46.5891835217039;46.5891892057151;46.5890243953848;46.5887776875043;46.5887087634126;46.5888843771588;46.588690687135;46.5885718664313;46.5885530810748;46.5884209814675;46.5883378302194;46.5884780792702;46.5882315032605;46.5881013200305;46.5881242865168;46.5880247397686;46.588109350765;
47.4415995533345;47.4413251679986;47.4408589939664;47.4411226059357;47.4400580188385;47.4402192235779;47.4408886137609;47.4419636336978;47.4409813001386;47.4406860133563;47.4411287646048;47.4411147623116;47.4411225240843;47.4428181833369;47.4415588407681;47.4415938488009;47.4412947346918;47.4410063918005;47.4412478910033;47.4419786963916;47.4411687688334;47.4409447992332;47.4410003622657;47.4414000713266;47.4421624935378;47.4416413051188;47.4408115517401;47.4414561192408;47.4418775222476;47.4417561122987;47.4411418096313;47.4412504606238;47.4420604694734;47.4416249885294;47.4409319095092;47.4417013470746;47.4419930607896;47.44158578046;47.4415187028031;47.441281635269;47.4406309583499;47.4403455681474;47.4412073345584;47.4410012257162;47.4411762114182;47.4416358215375;47.4411696380874;47.4413118371609;47.4407360659438;47.4406084148085;47.4406641472832;47.4412167921265;47.4416303467319;47.4416119261142;47.4411509309726;47.4409913272795;47.4411389829052;47.4414533805875;47.4418368455607;47.4416850296066;47.4413343956443;47.4414676042745;47.4412282686991;47.4409766175717;47.4406060428469;47.4411830287718;47.4412884539525;47.4411545708598;47.4410489188699;47.4413494976169;47.4408209206556;47.4411790149317;47.4418984475411;47.4413515708003;47.4409485138655;47.4409763557416;47.4409487491276;47.4410067187991;47.4407996044735;47.4406941274507;47.4409441978678;47.4411018533988;47.4411104093493;47.4409455324669;47.4405550186794;47.4407382481838;47.4409502696431;47.4409146292169;47.4401878730082;47.4398686508561;47.4401616463651;47.4406331732152;47.4402794330248;47.4403484088769;47.4405310748153;47.4402606549902;47.4401173031082;47.4405186130469;47.4404134394464;47.4402246576081;47.439974547596;47.4401165499107;47.4400359929199;47.4400992141174;47.4398742214019;47.4396978123838;47.4398918034858;47.4396443324029;47.4397672274496;47.4396961245983;47.4394695325882;47.4393269113354;47.439123589185;47.4392999453988;47.4394385228758;
48.2931898499854;48.2922011018278;48.2914954681031;48.2917893403178;48.291815392106;48.2921822776908;48.2927293249578;48.292098969124;48.2922276874608;48.2916953253849;48.2921829651774;48.2919996748165;48.2926850724718;48.2928946985969;48.2929308081195;48.2913981775057;48.2920252154614;48.2930237442101;48.2933571727668;48.2929404819864;48.2926153423129;48.2929484289564;48.2928001122775;48.2934189734783;48.2925486569727;48.2927273132337;48.2937342519438;48.2931230321823;48.2935166238374;48.2933875211038;48.2928200376323;48.2923172343991;48.2928937365467;48.292719805986;48.2931031669453;48.2926578784592;48.2928683339597;48.2919938990669;48.2924627296834;48.2927983015546;48.2923420163621;48.2926639614075;48.2933752573513;48.2927567327568;48.2925211033488;48.2915713994987;48.2922636683579;48.2938125128376;48.2927966284173;48.2918221018142;48.2922725323045;48.2931392652064;48.292656217002;48.2930701880626;48.2929696866922;48.2924036014949;48.2928163787369;48.2933033623351;48.2928162075614;48.2924598234272;48.2921194172881;48.2924174534493;48.2921267028331;48.292190604792;48.2923391914046;48.2921128145631;48.2926075289706;48.2921452569125;48.292402374395;48.2917301505274;48.2911768061908;48.2921416612754;48.292474755212;48.2925319523772;48.2923968926546;48.2920561364568;48.2921385338084;48.2921253590727;48.2919349340959;48.2914851041284;48.2919664083554;48.2919985908755;48.2923017163356;48.2921967392366;48.2917216705329;48.2913446627783;48.2917107801751;48.2919723407932;48.2917358304247;48.291535165804;48.2913030052473;48.291342584846;48.2916210837755;48.2915109778944;48.2915335904233;48.291368303495;48.2912852792473;48.2915047879567;48.2912510517302;48.2910498373904;48.2910515256702;48.2911956477391;48.2913102611334;48.29106635166;48.2909823495496;48.2909883232796;48.2909109581724;48.2907551641846;48.2907132728276;48.291101387855;48.2906368806805;48.2907398804663;48.2904053925023;48.2902839980807;48.290270374157;
49.1438841360273;49.1435842105599;49.1436349690222;49.1439077234497;49.1436877845531;49.1430520010998;49.1435562191778;49.1448505578197;49.1452510946293;49.1431342737872;49.1433060177039;49.1434975713378;49.1438047310695;49.1439970167373;49.1438409529182;49.143491932013;49.1446032826924;49.1437739952763;49.1437776418535;49.1433024111019;49.1435988372669;49.1436858640909;49.1438005942336;49.1436974901376;49.141494305941;49.1451498780728;49.1455180132723;49.1437228943599;49.1442553916773;49.1447575453017;49.1442590930965;49.1441430460366;49.143875015076;49.1439940533176;49.1437772755574;49.1430627298204;49.1445309660482;49.1440082679529;49.1434703371723;49.1446472846953;49.1451225023213;49.1443195513143;49.142611822423;49.1434398735568;49.1437290890119;49.1431321518162;49.1436972311342;49.1438644143273;49.1441227137627;49.1436459706532;49.1428075836488;49.1441239441655;49.1441302081751;49.1444126488379;49.1440586272131;49.1435405258988;49.1436697137732;49.1434585140365;49.1434778493191;49.1437094678323;49.143742709007;49.1434182913668;49.1440339422469;49.1437489359412;49.143783080506;49.1441644237348;49.1442402000899;49.1447415825133;49.1442364461964;49.1436956512389;49.1435345016808;49.1432532249606;49.1432322878607;49.143198476308;49.1439136361575;49.143815627531;49.1430798863013;49.1431932008939;49.1433659460312;49.1430700480002;49.1429846548626;49.1429131034815;49.1429734384722;49.1432295850555;49.1431621504598;49.1428725703068;49.1422518823507;49.1426362677747;49.1427796558658;49.142831868108;49.1427725105563;49.1425986129209;49.1429678927739;49.1426235367787;49.1424806084116;49.1427809890145;49.1427492131311;49.1424249337784;49.142139219509;49.1419393961599;49.1419373543746;49.142085498717;49.1423009045606;49.1420176829042;49.1420041676348;49.142244535878;49.1421619676254;49.142068525644;49.141818131358;49.1419708556224;49.1415042940412;49.1417748527899;49.1416840114158;49.1413446778714;49.1411606609006;
49.995450701641;49.9951881201658;49.9955779268541;49.9964205230105;49.9951560723767;49.9956171380114;49.9951476462708;49.9946695406629;49.9960019339643;49.9959138894313;49.9946678948143;49.9954967853241;49.9947572506627;49.9950945344898;49.9945505368141;49.9947190087669;49.996042251039;49.995237288789;49.9947829558879;49.9946945309081;49.9948454456953;49.9953320375201;49.9954343152019;49.9941171684208;49.9932503580203;49.9954548671131;49.9945209144527;49.9945404206817;49.9946190869613;49.9957146870394;49.9946798241388;49.9955057909442;49.9955798529909;49.9952990211543;49.9945118056818;49.9942648872513;49.9949835415534;49.9950023269998;49.9948709924927;49.9952378893273;49.995939329928;49.9957844396383;49.994365349633;49.9943265546051;49.9946913739594;49.9956722840779;49.9958079221866;49.9942686152347;49.9951826988437;49.995370147925;49.9942891880618;49.9950343736529;49.9948423726161;49.9944068758797;49.9941602442566;49.9948341249371;49.9945306073672;49.9939209132476;49.9945044153795;49.9945545003515;49.9945548941582;49.9947413521074;49.9949891037489;49.9948206771593;49.9950297544671;49.9954667857826;49.9943703886157;49.9953966880602;49.9947947543981;49.9947729505866;49.9946184257455;49.9942187566072;49.994404498027;49.9945517451546;49.9944534724942;49.9946020866213;49.9945476488663;49.9943350923821;49.9943232121022;49.9942382616706;49.9944104064432;49.9943795146142;49.9942864815256;49.9947982572079;49.9944668712143;49.9939156300607;49.9939209017082;49.9940239829606;49.9939521899888;49.994034286619;49.9939031766857;49.9938546112993;49.9940550077357;49.9939061201065;49.9935892071939;49.9938423801269;49.9939162010432;49.9938647233899;49.9935278597002;49.9930744160004;49.9932245231011;49.993627524372;49.9934530740859;49.9930576553564;49.9931980703141;49.9934259596927;49.9932488856689;49.9930655439579;49.9928772788963;49.9928215247514;49.9927545805237;49.9928141929426;49.9924946428441;49.9924858573735;49.9921747645996;
50.8454788783787;50.8461162739705;50.8459044095277;50.8468142772026;50.8473739338168;50.8473721672966;50.847828079339;50.8456557040127;50.8464127829256;50.8458870940968;50.8454165760506;50.8460303418924;50.8463004251074;50.8463098462811;50.8470020849151;50.8463740636012;50.8471744800598;50.8470108270118;50.8467041747116;50.8467215865842;50.847006819758;50.8466594927973;50.846789204843;50.8460827321439;50.8462513776842;50.846739305633;50.8469623448593;50.8464014922325;50.8460378501132;50.845620377525;50.8453759320066;50.8463510151535;50.8462570737537;50.846016988447;50.8468105132039;50.8460299697608;50.8453414449607;50.8455456589322;50.8455117053528;50.8462958941327;50.846668261262;50.8460728350522;50.8462266726114;50.8465029515021;50.8462460767967;50.8461922085399;50.846556979493;50.8452023165621;50.8456801076608;50.8463256820149;50.8459132073418;50.8461632070269;50.8462843797654;50.8462456568994;50.8460574193099;50.8457746211594;50.8459903023761;50.845882916172;50.844982667397;50.8459518721228;50.8465745508987;50.8458106393193;50.8461308696644;50.8461824504877;50.846151206373;50.8458906668609;50.8459953093721;50.8454810613818;50.845464832396;50.8457522708764;50.8458943918295;50.8455859957526;50.8457522298178;50.8456038100825;50.8449436293143;50.8453198855959;50.8462258663232;50.8455091580999;50.8445413589373;50.845166585683;50.8457094935751;50.8456522428661;50.8457705540633;50.8453705129895;50.8456376639284;50.845299590514;50.8451558802589;50.8451034629797;50.8452591482243;50.8454155196616;50.8448185249556;50.8448927201944;50.8450651748593;50.8450659988745;50.844960622923;50.8447965720159;50.8446578290179;50.8448723409648;50.8450260359902;50.8446703695991;50.8447450989212;50.8445896963077;50.8446075024253;50.8444356616883;50.844535407232;50.8443881305056;50.8442661897676;50.8444099040886;50.8442939005442;50.8440818552983;50.8439665611211;50.8436828036968;50.8439652352861;50.8438245252121;50.8436201194809;
51.6975156781462;51.6974138356547;51.6965983818;51.6967317254974;51.6977335767184;51.698291514048;51.6985222186168;51.697049513154;51.6981003020553;51.6970200148343;51.6969438995909;51.6970105622928;51.6976346744002;51.6974517726055;51.6975631045717;51.6961810066406;51.6976686599475;51.6969726242225;51.6967922527796;51.6975836550334;51.6978079420653;51.698417005865;51.6976855611311;51.6970139250264;51.6973416560449;51.6977868590941;51.697570616342;51.6972038505761;51.6974523795842;51.6970628732093;51.6978539555242;51.6971402634973;51.6972087575613;51.6968556110062;51.6978834905203;51.6974480338603;51.6967304031601;51.6968180411772;51.6975485097663;51.6969638261255;51.6973731092679;51.6969020071946;51.6977983524979;51.6981867848908;51.6978273960666;51.6974499181416;51.6969084956217;51.6958597125266;51.6968073636852;51.6972889952705;51.6974813516145;51.6971390982806;51.6970668824566;51.6974075906763;51.6975138834492;51.6969866528682;51.6971065835404;51.6976959209938;51.6970248203162;51.69712191048;51.6978835512424;51.696749505696;51.6971200789816;51.696316220443;51.6968443929645;51.6972285393014;51.696888592892;51.6963534387071;51.6966564641459;51.6967380840705;51.6969786443128;51.6972527536363;51.6967208847286;51.6965919974643;51.6966557155147;51.6966125711706;51.6967167349216;51.6970247569834;51.6966137553664;51.6962864157445;51.6963449633006;51.6966384956784;51.6969678708241;51.6962383716852;51.6963551698926;51.6966066490927;51.6964757161897;51.6962807076577;51.6965805015067;51.6966324808768;51.6963251798819;51.6959238658957;51.6959483013336;51.6961325118521;51.6957953214105;51.6956877315089;51.695976023993;51.6957653336183;51.6958551423491;51.6960063858809;51.6957390377534;51.6952025806669;51.6955951284614;51.6954412183011;51.6956033163365;51.6955174227126;51.695466046975;51.6956497735055;51.6954204972853;51.6950461731586;51.6950384918666;51.6948248377274;51.6951990595198;51.6948730410796;51.6946607648943;
52.5483982287246;52.5485731570732;52.5489916954489;52.5495984220397;52.549558377649;52.5486702368618;52.5476101471663;52.548245972337;52.5485524349551;52.548634138966;52.5477524584478;52.5486438926816;52.5485610665181;52.5478842761409;52.5481231435216;52.5485662045055;52.548151773485;52.5473088421747;52.5472027162671;52.548637997498;52.5487807269612;52.5492729163752;52.5485229249946;52.548847421266;52.5485788779923;52.5488409266619;52.5474423648972;52.5484145778347;52.5487696072216;52.5497038104049;52.5479161691787;52.5482117870328;52.5495106124431;52.5491712774342;52.5476927081674;52.5481985759044;52.5483016717061;52.5494954262747;52.5493560614566;52.54787230955;52.5470565827011;52.5485492556646;52.5486036780699;52.5471625038318;52.5478094835841;52.5487515421206;52.548423252088;52.5482767898999;52.5484957518711;52.548385981987;52.5487873037851;52.5485379351392;52.5474236522088;52.5479307248611;52.548704702599;52.5488669008282;52.5474993632719;52.5478964112542;52.5484649876865;52.5479902982312;52.5481620849658;52.5481770924356;52.5474498836929;52.5479033826278;52.5485729095033;52.5486199717811;52.5478491844393;52.5485552570472;52.547634596948;52.5477883660212;52.5477478093822;52.5482147692526;52.5479881462636;52.5482475910007;52.5480372271177;52.5477579141839;52.5475795401262;52.5479877327407;52.5482879070626;52.547950386106;52.5476887184588;52.5474530157727;52.5476902339052;52.5477003999927;52.5474353673718;52.5476101196059;52.5477190732947;52.5476881814274;52.5476149295312;52.5474255173664;52.5470625534048;52.547209646763;52.5472173071726;52.5473326099134;52.5468920532345;52.547096234226;52.5470877451192;52.5466735596074;52.5470043725295;52.5470173356148;52.5466302942432;52.5467157114892;52.5465007227922;52.546467936351;52.5467355749531;52.5466707039302;52.5463758312446;52.5465359367821;52.5467666981965;52.5465800948621;52.5460343073046;52.5461621652995;52.5462657995644;52.5459157066601;52.5456320468286;
53.3985324081732;53.3992719669125;53.3997692708832;53.4001199022063;53.3999762631642;53.4004955388121;53.40080448329;53.4006992111207;53.399098652215;53.3999874678483;53.399943080273;53.3995313296098;53.399809179713;53.3998439727538;53.3995780817476;53.4019574331523;53.400214875525;53.3995948573697;53.400157319325;53.4001142325355;53.3993502514057;53.3989564530041;53.399506498862;53.3995472057426;53.3998846089979;53.4004122085504;53.4009767862904;53.401167141872;53.4019098306407;53.3991758715333;53.3988641794113;53.400974817602;53.4006156400228;53.3998907517896;53.399515737261;53.3997329001025;53.3986921716714;53.3998411838921;53.4000947878551;53.4003215320464;53.3998245325711;53.3999784789071;53.3992405019301;53.3986158468171;53.3996885401048;53.3995584626615;53.399002179843;53.399639354558;53.3994655439089;53.3997271396537;53.400153402803;53.4000811386107;53.3990571203377;53.3988483522004;53.3995963684891;53.3997787885537;53.3991347388888;53.3992325363182;53.3992706456111;53.3995504830947;53.3994075142344;53.3996360954511;53.4000628588856;53.3999156874424;53.3992899902002;53.3991705697264;53.3989121903462;53.3995602880073;53.3995141370152;53.3991485472768;53.3989764832389;53.3987403507691;53.3989319284099;53.3991767470577;53.3992108638253;53.3987315630546;53.3990121515711;53.3990366960266;53.3989912270069;53.3991018012251;53.3987876190772;53.3992103185211;53.3994161307474;53.3991339971816;53.3989801943759;53.3989826381277;53.3987226373747;53.3987200282372;53.3983626997195;53.398196829734;53.3982969302533;53.3986066794411;53.398564734545;53.3985869711888;53.3984952090182;53.3985526854929;53.3985452868477;53.3978693004281;53.3979135284377;53.3977750753971;53.3977856974515;53.3980258709455;53.3979237310219;53.3980423472832;53.397939016859;53.3978073345911;53.3976116529965;53.3976755841829;53.3976369402261;53.3979044503471;53.3974632595327;53.3973688294315;53.3973207388636;53.3971392625012;53.3970527636911;
54.2502912876954;54.2509677836775;54.2506205941067;54.2506555570009;54.250940208218;54.2516371471703;54.2516829141351;54.2514497965027;54.2502887431969;54.2513030082205;54.2518313240324;54.2501899532958;54.251438847207;54.2526252018902;54.250306380618;54.2507467256654;54.2508316417059;54.2503593399671;54.2510877594127;54.2504660426674;54.2506631484077;54.2520411064994;54.25095241089;54.2505997824205;54.2506949129847;54.2508003229143;54.2517057728084;54.2517660320756;54.2515838913171;54.2505149585953;54.2521673423997;54.2513058968118;54.2510013312739;54.2504103159885;54.2510906628282;54.2504216025224;54.2503410048876;54.251289101139;54.2504911527304;54.2509479219117;54.2513652479827;54.2507400462768;54.251477113223;54.2511736496298;54.251682801167;54.250846704504;54.2504232698783;54.2507315317162;54.2503131453159;54.2507758257796;54.2514154343183;54.2507184942425;54.2503220194988;54.2502109407466;54.250300501925;54.2504755862928;54.2510600856331;54.2507140137415;54.2508150532154;54.250798464173;54.2505814490755;54.2503492878327;54.2507255518074;54.2503880037094;54.2506968193234;54.2505032547096;54.2501429928687;54.2500788158943;54.2505403474431;54.2506741337429;54.2506271707978;54.250670222616;54.2503629585691;54.2501025570624;54.2503978685783;54.2502973431169;54.250178392191;54.2502033415088;54.2499409830748;54.2500484665547;54.250062646431;54.2502522478268;54.2503483852168;54.2500094034095;54.2498986867205;54.2500726606374;54.2499916083022;54.2496114343836;54.249922884532;54.2502772689065;54.2499443299862;54.2498490665173;54.2497011108758;54.2494533571886;54.2495616791075;54.2498153501288;54.2497997499881;54.2491423550961;54.2488502385376;54.2492060249765;54.2492133155068;54.2490961557538;54.2492026436392;54.2490200886054;54.2489157793267;54.2489687051497;54.2487500398225;54.2489655539225;54.2486837137515;54.2486114058705;54.2487251484393;54.2484659416303;54.2486214022211;54.2483036087547;54.2483003358045;
55.1016213655524;55.1008710409991;55.101540760911;55.101856898545;55.1026045742813;55.1019298375836;55.1015388444409;55.1015835386587;55.1024247667389;55.1018249139911;55.1015834410563;55.1015518946456;55.1026925959019;55.1040785113794;55.1022417240662;55.1019582679433;55.1022902196421;55.1017389333224;55.1011957797323;55.1004231449648;55.1020123611366;55.1037334806395;55.1019438061234;55.1029059026826;55.1016904428514;55.1016207696476;55.1018071283196;55.1016638319777;55.1019342724563;55.1028830587283;55.1019667938137;55.1013387531013;55.1019031733624;55.1021145553084;55.1024605553563;55.1020263623962;55.1021919519512;55.1034395753335;55.1024917010179;55.1022675356142;55.1020901050121;55.101967703545;55.10217900788;55.1017873412991;55.102409878621;55.1022612076681;55.1018184394463;55.1018262291757;55.101905116361;55.1019778023089;55.1016007159541;55.1020874447631;55.1019471411985;55.1014745620305;55.101658733728;55.1015262602907;55.1018670406907;55.1014209620364;55.1012571258176;55.1020763248521;55.1018498679146;55.1012481469577;55.1014607121597;55.1014432832352;55.1018199885933;55.1021769008392;55.1016208542924;55.1013775845026;55.1016764787;55.1015731686464;55.1013458677239;55.1020880167394;55.1017975559123;55.1014751475071;55.1013826761779;55.1015558055739;55.1014840625667;55.101467323064;55.101198078849;55.1013016825977;55.1014148887194;55.1007294692555;55.1010552367114;55.1015838001381;55.1011627703948;55.1008949878646;55.1009419215634;55.1007619422617;55.1009416088075;55.1011407832431;55.1009782033697;55.1010543584891;55.100887352943;55.1002435625369;55.1007745530078;55.1009748096963;55.1005681560365;55.1001317381307;55.0999928232745;55.1004173212744;55.100498180423;55.1001919202044;55.1001497161913;55.1001715002309;55.1000439814325;55.0997847531292;55.0999174739043;55.0998593660471;55.0999257022291;55.0997226051746;55.0996254273687;55.0993008898174;55.0994648603011;55.0993791803951;55.0993496164309;
55.9533419657518;55.9529877680085;55.9536910182136;55.9538863439767;55.9524840020134;55.9538742607113;55.9537402815745;55.9533647046393;55.954075055846;55.9527378784807;55.9514953699538;55.9537150558796;55.9533655430268;55.9532879211697;55.9532804635111;55.9531669542749;55.9520792557614;55.9528282261874;55.9534757029385;55.9517297733681;55.9526020159031;55.9540860079145;55.9523329817588;55.9532602143804;55.9531527506747;55.9532013709729;55.9536046586503;55.9530192237566;55.9531654726199;55.9541809957196;55.9535553319874;55.9532284304943;55.9532463257262;55.9529747502019;55.9523355768029;55.9532092660197;55.9547144157442;55.9538966660553;55.9526128211648;55.9529787821959;55.9531415754131;55.9532924318468;55.9528172781396;55.9522377787852;55.9525016729375;55.9530292468137;55.9521552022281;55.9527071956676;55.9533324880831;55.9534293638656;55.952564188163;55.9528175012902;55.9531315163399;55.9530362287274;55.9529902141654;55.9526103988431;55.9529796871199;55.9527014082596;55.9526072090272;55.9529897903869;55.9526578454738;55.9527942941352;55.9526522227209;55.9526048450492;55.952728682628;55.9531157380909;55.9530874210964;55.9528459928568;55.9528041908186;55.952801661783;55.9523425243495;55.9528405425103;55.9527214438317;55.9525045514476;55.9522401504031;55.9526921622602;55.9526131783925;55.9525165540777;55.9523326224897;55.9527915354091;55.9528645114085;55.9520903447688;55.9513874695733;55.952205418245;55.9523856774183;55.9523380212786;55.9519681926318;55.9520700706789;55.9516996721451;55.9517871813606;55.9516506466198;55.9519033559644;55.951964661012;55.9519203213787;55.9518857315233;55.952113654154;55.9519084089046;55.9517956702634;55.9511196632015;55.9515128043409;55.9514484518092;55.951622779344;55.9516881836371;55.9514143147175;55.9511651660889;55.9510997389665;55.9512301908622;55.9510589163522;55.9510168049321;55.9509610232905;55.9505972889156;55.9505891401369;55.9505114372809;55.9506197799572;55.950325670025;
56.8047380569536;56.8060282715229;56.8047315389843;56.8029334944542;56.8045670453608;56.8050738090954;56.8051941107602;56.8051443111712;56.8036426277885;56.8033858133911;56.804160032427;56.8054893770377;56.8053583896912;56.8036798264007;56.8053151075894;56.8049226528227;56.8044943377604;56.8038662854086;56.8049034307447;56.8048095654813;56.8036783381206;56.8040274814891;56.8046545579526;56.8042771365992;56.8042002778865;56.8040686629699;56.8039023527807;56.8037355286255;56.8041211900121;56.8052119459876;56.8048918407154;56.8041587533598;56.8043297973677;56.8037175868997;56.8039869686308;56.8032725059605;56.8034799316512;56.8040691669987;56.8036885618758;56.8038689290309;56.8043050756114;56.8040317432481;56.8047420379273;56.802598872766;56.8033543085056;56.8047062966975;56.8040700794314;56.8033422195264;56.8039381921901;56.8038694749622;56.8047926640978;56.8043723816535;56.8035990295652;56.8040091549244;56.8045924491398;56.8033957564391;56.8040228957556;56.8043420226117;56.8050239256622;56.8041837292483;56.8039210187687;56.8039903628215;56.804232819274;56.80377966938;56.8042354644338;56.8038017280493;56.8039993812994;56.804452812968;56.804262112926;56.8038671436897;56.8035746250676;56.8034294837494;56.8041445374171;56.8037777165375;56.8037846760469;56.803547743462;56.8035126640058;56.8032577400592;56.8033453152005;56.8039073973267;56.8041484941;56.8032679698931;56.8027181857222;56.8029859405124;56.8032931630869;56.8031061343212;56.8031328382605;56.8033841689017;56.8032584796118;56.8029051939159;56.8029424842854;56.8027553275114;56.8028137339854;56.8030950370423;56.8030511786155;56.8030949515735;56.8030208058266;56.8031688329247;56.8030915830742;56.8026052026913;56.802717418288;56.8032414099795;56.8031694641643;56.8026229291686;56.8025575329546;56.8023521775311;56.8024920756136;56.8023839031443;56.802101581111;56.802001257022;56.802031839747;56.8016762508461;56.8019767791727;56.8019756761503;56.8015223023858;
57.6561665305255;57.6562072467997;57.6561246089746;57.6565074797657;57.6562461769211;57.6544094576318;57.6545709561235;57.6558412798501;57.6552628737585;57.6551615580927;57.6544951560403;57.654756205192;57.6566713186895;57.6555783326182;57.6559800107079;57.6556271271316;57.6551948488269;57.6553155631842;57.6543054015603;57.6557353548079;57.6562582104044;57.6554640952618;57.6560509243903;57.6557601019424;57.6555483878935;57.6554982104306;57.6553627250831;57.6551186615872;57.655151943214;57.6550867718663;57.6545612803628;57.6553554248226;57.6556766576916;57.6553171793549;57.6555018446349;57.6549178723543;57.6536913788601;57.6552079463848;57.6551484892177;57.655048376568;57.6550821158228;57.6554764896859;57.655182549943;57.654467941049;57.6549599067669;57.6557390341868;57.6558963468761;57.6552677771275;57.655108259018;57.6547949252031;57.655449066348;57.6551555953364;57.6535338970641;57.6549989702191;57.6561807506981;57.6551737036319;57.6549406380684;57.6551590829335;57.6556006776881;57.6553156167173;57.6550625543868;57.6551168365601;57.6557211488571;57.6554236680539;57.6549794955296;57.6550159275311;57.6550926434056;57.6545098590899;57.6550276139838;57.6555099802488;57.6543061754986;57.6545912483178;57.6553082659295;57.6551928268945;57.6551990396959;57.6547941913103;57.6544466149307;57.6544011641518;57.6545721400993;57.6544316660493;57.6545489711094;57.6547337551779;57.6544886774332;57.6545338683611;57.6544289136815;57.6544061888491;57.654479515906;57.6543911364524;57.6544522080572;57.6543124218686;57.6541251070718;57.6542745459139;57.654274119949;57.6540819323327;57.6540207069754;57.6542413005584;57.6541161769324;57.6537746008974;57.654265414016;57.6542272851058;57.6537484966977;57.6537166902805;57.6535878439671;57.6535934510181;57.6535516750048;57.6531960944693;57.6531537970134;57.6535279311448;57.6532715061709;57.6531975341759;57.6531091391035;57.6530011420786;57.6529848638585;57.6529399941528;57.6528304174984;
58.5061724352385;58.506791612725;58.5075177942934;58.5084460580539;58.5062509019132;58.5065411228693;58.5058451422167;58.5062816596755;58.5068345338295;58.5069528544001;58.5059481050453;58.5070196928456;58.506821038167;58.5063315422203;58.5063899598285;58.5065642325802;58.5059114335675;58.5063907620713;58.5067739806812;58.5055456373204;58.5064916610222;58.5072185989652;58.5067748541584;58.5065275108736;58.506518323854;58.5063607391856;58.5062186528883;58.5080205222879;58.5059822648526;58.5062576433012;58.5067922064452;58.5062642941276;58.5065526025382;58.5072689832854;58.507294694824;58.507179785539;58.5068062814215;58.5065628465011;58.5059710120666;58.5061792607223;58.5068568461439;58.5066628435604;58.5063078301947;58.5070709135868;58.5061291495037;58.5058450714151;58.5070223148235;58.5070218904446;58.506624466958;58.5070081323398;58.5067091661336;58.5062596875215;58.506094745003;58.5062273413514;58.5063756215485;58.5068572413298;58.5065678202569;58.5063566917023;58.506169186497;58.5061942502032;58.506449637002;58.5063650589059;58.5060648088709;58.5059315120507;58.5058828938098;58.5066603952762;58.5066551268212;58.505204605143;58.5054876073275;58.5066376078183;58.5062544657471;58.5060440419719;58.5061521637165;58.5066854066112;58.5061581228993;58.5059011148636;58.5059177422241;58.5062590966327;58.5063231706857;58.5053311786162;58.5055721909286;58.5060781863146;58.5060381705174;58.505805157687;58.505736022232;58.5064095984388;58.5058836355611;58.5056663145048;58.5055628440085;58.5054700822145;58.5051763344771;58.5055456849864;58.5051189657695;58.5048625350231;58.5053511522103;58.5051328942133;58.5049215043629;58.5048902971022;58.5052880987382;58.5054753166808;58.5048796965786;58.5043926299426;58.5047862098931;58.5048592448933;58.5046914674944;58.504295913822;58.5043325452742;58.5044425817376;58.5044184209925;58.504277863768;58.5043037016884;58.5043736397015;58.5042919976355;58.5040519490408;58.5040224194898;
59.3571383285854;59.3571119601793;59.3575750717675;59.3577476299919;59.3575876280576;59.3571720279597;59.3580943885481;59.3576229662872;59.3572344581486;59.3579196087387;59.357574294867;59.3577642084391;59.3582533931376;59.3581443758881;59.3584539278537;59.3579667401006;59.3573006422517;59.3572108714975;59.3576860528859;59.3574515649232;59.3575706612756;59.3575697812348;59.3583692379343;59.3578490172142;59.358529713245;59.35817529809;59.3572710507888;59.3589463209987;59.358468155584;59.3578614568422;59.3579427834855;59.3580947082056;59.3571804301794;59.357029438482;59.3582109142631;59.3582344752018;59.3574505610729;59.358072733952;59.3578945737111;59.3574607023265;59.358720229138;59.35832551379;59.3577655938666;59.3577733459637;59.3571461983739;59.3575321278554;59.3581427011572;59.3576302156944;59.3573143992653;59.3579923340626;59.3589163790054;59.3583304785977;59.3577950622321;59.3575047085796;59.3573078494248;59.3579456273346;59.3576439898172;59.3575891174788;59.3573175003084;59.3576072678366;59.3583141788105;59.3576791878733;59.3568145677738;59.3568700583319;59.3572485730917;59.3572391944494;59.3581850617993;59.357845360517;59.356791525006;59.3565871554531;59.3571609180701;59.357501095202;59.3573565598773;59.3573925248953;59.3570156894307;59.3568730518385;59.3565931125584;59.3570863852952;59.3571463400681;59.3567848452096;59.3572561410165;59.3574145953043;59.3572432063203;59.3570359345972;59.3569617789303;59.3568300710918;59.3569181251855;59.3568985040914;59.356575266166;59.3567353085815;59.3567577603533;59.3566539949833;59.3562387409173;59.356303206794;59.3562713471685;59.3563381319762;59.3559298869752;59.3561900744737;59.3560998605299;59.35589116134;59.3558575818909;59.3560608266913;59.3558934732988;59.3561606984139;59.3562575838736;59.3558334624996;59.3556644603072;59.3554659670802;59.355261688398;59.3552225712158;59.3551784013298;59.3551977771619;59.3551591526623;59.355261705309;59.3550075959611;
60.2089775635986;60.2090433723333;60.2082230332975;60.2088633492215;60.2090894981409;60.2082177803233;60.2096310237796;60.20812013031;60.2079965398937;60.209341408433;60.2093245538141;60.2088281089515;60.20897131253;60.2086496039242;60.2092002355169;60.2094025380707;60.2089676149553;60.2098308035144;60.2085021131611;60.2092879398623;60.2089001244691;60.2071163617462;60.2085124071792;60.2084898615032;60.2094172373858;60.2091141785409;60.2082247073633;60.2084029539508;60.2093734106922;60.2086520697821;60.2093795490383;60.2095045138999;60.208962597784;60.2082655718264;60.2082003482973;60.2085933174358;60.2090158682242;60.2091226288672;60.2089008503566;60.2085771916258;60.2088022790758;60.2083388981613;60.2084198715187;60.2091715287095;60.2096884926601;60.2089532841104;60.208873834096;60.2089287565448;60.2083670384805;60.207505354165;60.208854942313;60.2085866600012;60.2082999555001;60.2091722396086;60.2085860193807;60.2068742315876;60.2079316063432;60.2084687376742;60.2080841158533;60.2084765922303;60.2093111310362;60.2092326551312;60.2087872736;60.2083492222531;60.2085510002293;60.2080397019043;60.2087604189779;60.2092105434507;60.2081477862476;60.2082983833261;60.2082110165469;60.2081133630597;60.2084391451277;60.2081454831681;60.2081270023122;60.2077096948386;60.2073860382534;60.207677835371;60.2079938880559;60.2080734810065;60.2082982226196;60.2080892548742;60.2078903256418;60.2078967372979;60.2081409821738;60.2072069651945;60.2080416808401;60.2076415662889;60.2076988057771;60.2075621248836;60.2079935232973;60.2078762421922;60.2078080173905;60.2075402148149;60.2074735654364;60.2072910601227;60.2074449508504;60.2072292609563;60.2074610091107;60.2073710068235;60.2071874698415;60.2071646109478;60.2070318788807;60.2068832334932;60.2071197006131;60.2067771608833;60.2068359232282;60.2065051381213;60.2064151431593;60.2063445210921;60.2064124300054;60.2063150232642;60.2064170280768;60.2064125151253;60.2059548593664;
61.0599849927446;61.061238005275;61.0610665929085;61.0601761056695;61.05935281749;61.0598176727576;61.0609542753429;61.0608980670241;61.059663133736;61.0601077559952;61.0591032513498;61.0598951082708;61.0595576025352;61.0605144265121;61.0597564487035;61.0595271553293;61.0600024853868;61.0612506963955;61.0598211604742;61.0598460805903;61.0591619651626;61.0591596315334;61.0599325115524;61.0593022438803;61.0596677650656;61.0595733326352;61.0579033827012;61.0598544653432;61.0607241196469;61.0603893372746;61.0590959761617;61.0593542181064;61.0602812808643;61.0602967950897;61.0602485948597;61.0602748870263;61.0594617763342;61.0603612884775;61.0599761192597;61.0600433199379;61.0595955856278;61.0600769654816;61.0598119218205;61.0602779912875;61.0606028765857;61.0605425563911;61.0602349478519;61.0602688076631;61.0596192522585;61.0593481512483;61.0596066384154;61.0597963158049;61.0592768700874;61.059593710889;61.0584851505133;61.0593656105465;61.0595316101072;61.0591657736889;61.0597969132986;61.0597395912026;61.0593683073555;61.0601596561096;61.0597507705254;61.0596698718239;61.0594619019876;61.0595014468816;61.0594837682077;61.0599041737644;61.0590672399713;61.0595947995495;61.0593946270544;61.0593429354576;61.0598472501997;61.059866486357;61.0585041638056;61.0592653426222;61.0592167700147;61.0594024906631;61.0595958389921;61.0598847181549;61.059353352104;61.0592582395927;61.0584179593477;61.0587765039774;61.0591293755417;61.0587952811807;61.0589180169726;61.0591801051012;61.0588640714937;61.0587361577318;61.0585095542064;61.0589394698822;61.0591368764225;61.0588933377794;61.058867971198;61.0585661079231;61.0583600055927;61.0583342446486;61.0591323606841;61.0590922902255;61.058249651495;61.0580903857003;61.0578366320631;61.0581343121733;61.0580142731902;61.0577897988881;61.0577328849489;61.0579521116975;61.0577219213464;61.0579523332601;61.0576230259388;61.0577241571675;61.0573621926381;61.0582199487986;61.0573620093392;
61.9097272481733;61.9126403776967;61.9121627400663;61.9112597722685;61.9113024087477;61.9110873949325;61.9119808714174;61.9115337633277;61.9106770437421;61.9105029788249;61.9117178932269;61.9106125572026;61.9108635332504;61.9123072928746;61.9123125976239;61.9107599026683;61.9100484443152;61.9096614899368;61.9107779326695;61.912876102287;61.911538044159;61.9110308902841;61.9117364825285;61.9115067728847;61.9113029438481;61.9103044217176;61.9092491688291;61.910863141094;61.9117864917425;61.9111233916109;61.9103733603642;61.9101600249638;61.9115853853354;61.91248054475;61.9113732847485;61.9105915144459;61.9107779810989;61.9117238665819;61.9109204531581;61.9113149062065;61.9112683964606;61.9110716114953;61.9110904566772;61.9113511137785;61.910689302259;61.9105799967036;61.9105750331654;61.910424410246;61.9112791885978;61.9112050899917;61.9109173182976;61.9110176953813;61.9105476434604;61.9108130492326;61.9109610805945;61.9117414596185;61.9116379957016;61.910325238944;61.9109999137617;61.9113118778168;61.9109761518894;61.9110463051402;61.9107990830076;61.9113920426885;61.9112838842549;61.9105146819665;61.9106820633533;61.9103328468452;61.9104205040067;61.9105559881561;61.9106348241635;61.9106918563093;61.9110390788096;61.9106255533456;61.9097371410364;61.9101538342027;61.9101349829966;61.9106388959894;61.9106135696069;61.9102282446465;61.9100895947173;61.9105359686655;61.9105746192355;61.9104137494491;61.9103424642741;61.9101637196169;61.9100385753687;61.910051316304;61.9101957385275;61.9103493896348;61.909678947462;61.9095724787471;61.9097879591981;61.9093460052161;61.9101521994663;61.9097308653894;61.9096047786837;61.9096438487251;61.9096098903189;61.9096856551346;61.9092508898484;61.9089626550746;61.9095078800095;61.9097568848342;61.9091095855633;61.9088343622016;61.9093715198076;61.9092221197543;61.9091862302066;61.9090057028975;61.9087174547819;61.9087207552886;61.9090075140143;61.9086761515046;61.9082358783916;
62.7626480123074;62.7629849198941;62.7625474423588;62.762226212679;62.7639674897109;62.7624819950036;62.7622475310124;62.7632860579976;62.7632124082548;62.7604715148583;62.7627286481102;62.7629654901776;62.7618600218168;62.762549457342;62.7635391652788;62.7622562196752;62.7627599785226;62.7620564971347;62.7617394346338;62.7626203179309;62.7629088520791;62.7627445457562;62.7628175581805;62.7626701709436;62.7632059596917;62.7615776828089;62.7628445468049;62.7628812449766;62.7618563386711;62.7624622663257;62.7623059621495;62.7615083191218;62.7634024076849;62.7636722404134;62.7622542690472;62.7621496177834;62.7629959511063;62.7622289078604;62.7619380696768;62.7627462494232;62.7615091645167;62.7615496590501;62.7617097323626;62.7619985953178;62.7623778355482;62.7619820345368;62.7613679684124;62.7627891535968;62.7633365257774;62.7616144172403;62.7611814442412;62.7616387858744;62.7610556108861;62.7621143352489;62.7629078010573;62.762311371149;62.7629494627478;62.7622456814004;62.762393448189;62.7621125718019;62.7621656171942;62.7623672963058;62.7618211990586;62.7619206761774;62.7623786015473;62.7622778819811;62.7623140325212;62.7619074566602;62.7613219504754;62.7616211354415;62.7617319948356;62.7614515971107;62.7618127772052;62.7617760392862;62.7618428888342;62.7616107297256;62.7613772390836;62.7616568397464;62.7613473083422;62.7612850249762;62.7615442864366;62.7619293514758;62.7615432913925;62.7612206120745;62.7614587375542;62.7614761384942;62.7612382176297;62.7611529740384;62.7611187675751;62.761293495124;62.7613233168259;62.7610248944971;62.7610437587074;62.7608355725958;62.7606963074548;62.7608690256556;62.7606600853204;62.7607809933472;62.7604676782732;62.7603866100728;62.7602225364173;62.760560540233;62.7606405938604;62.7605790141732;62.7600675767062;62.7603350641865;62.7602763904397;62.7600878737669;62.7600033430811;62.7598986979517;62.7597937317166;62.7597539494727;62.7597655071262;62.7596651152555;62.7596473957899;
63.6134541659906;63.6146141686577;63.6148121500636;63.6134177329647;63.613097218057;63.6125204384028;63.6132726186057;63.6132504715679;63.6128634437649;63.6145581808219;63.6137154878248;63.6142547459687;63.6147457714753;63.6134065515461;63.6133607482139;63.6130424746519;63.6136899285997;63.6138201455384;63.6132716978015;63.6116380284525;63.6131480212629;63.6136087581564;63.6130530637284;63.6129025968302;63.6145443688436;63.6133670178336;63.6135764047857;63.6134561426183;63.6126018480696;63.6129860285671;63.6134729824826;63.6135408771326;63.6149321660533;63.6133396299566;63.6132496510439;63.61306782341;63.6136393251508;63.6131943787345;63.612589134442;63.6122320211181;63.6124470616674;63.6133594303387;63.6137600193297;63.6142723731805;63.6141161937451;63.6141540467908;63.6131512997853;63.6140575021072;63.6143321865603;63.6131850523765;63.6130431825752;63.612869208483;63.6125874928603;63.6126515260895;63.6134269801386;63.613530476402;63.6138562391965;63.613647961063;63.6131040322538;63.6131910133014;63.613332022166;63.6123570600236;63.6126507057241;63.6128909370461;63.6129954511544;63.612748734933;63.6129273223832;63.6130139289564;63.6128408675225;63.6129376248903;63.6129818319431;63.6128192348445;63.6130264814701;63.6130949743859;63.6136345277905;63.6131126605939;63.6126685533177;63.6127951666393;63.6132376994588;63.6131762227096;63.6127043536158;63.6126839156454;63.6124198913377;63.6121556326724;63.6125872003918;63.6122029460509;63.6122977262555;63.6120994259704;63.612194399945;63.6124484039904;63.6126203950774;63.6121084943157;63.6123381781944;63.6126269845835;63.6119189083115;63.6120294984388;63.6121265705546;63.6116433381727;63.611840459424;63.6115381314041;63.6116363841452;63.6114502325469;63.6115690057984;63.6115084747109;63.6113171951418;63.6113570116375;63.6113264126792;63.6111712461659;63.6111526404644;63.6107933237834;63.6108471652879;63.6105165070966;63.6106913237864;63.6108009351217;63.6108519256691;
64.4638889437019;64.4648567064115;64.4646709818055;64.4641072846727;64.4626481888018;64.4636168034338;64.4633278196171;64.4641796150237;64.4632772058369;64.4659095942137;64.4650450473054;64.4651674241405;64.4652783630582;64.4650220091;64.4648431121449;64.4647508487115;64.4640593553558;64.4648575604859;64.4645519038675;64.4653214442091;64.4648586769757;64.4644430293234;64.4640248809939;64.4642756405925;64.4636989582172;64.4640038617834;64.4653225166538;64.4647492901262;64.4644824059062;64.4642570111002;64.4629008811967;64.4649324870835;64.4652709738868;64.4648354175976;64.4638895539342;64.4644877750253;64.4647829438376;64.4650041923669;64.4656282835704;64.4646766203151;64.4640569960393;64.4647026078163;64.4648691377059;64.4655048390815;64.4661029347462;64.4654366533739;64.4638730979092;64.4645455267194;64.464725496664;64.46487765652;64.4647981562117;64.4650780694589;64.4648907509484;64.4643669559958;64.4645343742839;64.4643147373457;64.46340586201;64.4644070081956;64.4645591212569;64.4642794495324;64.4637778566057;64.4640464475264;64.4637346577734;64.4639465475113;64.4642386179904;64.4641751837474;64.463407593786;64.4639482956503;64.4642316252967;64.4641349298143;64.4638845413775;64.4647156676822;64.4643527474339;64.464009943494;64.4644683378073;64.4638838020881;64.4635220171293;64.463595983903;64.4645606543636;64.4644357073956;64.4635929850577;64.4639539640979;64.4637966737971;64.4636861215508;64.4630559848531;64.4634630073687;64.4635491817255;64.4633641701315;64.4632960837452;64.4636309454872;64.463731210634;64.463667951245;64.4631342924663;64.4632395458006;64.4629899406441;64.4630531491211;64.4629120107458;64.4632131269002;64.4630812155516;64.4629314043684;64.4628194620814;64.4628136201822;64.4627263572535;64.4624925385181;64.4621332385842;64.4624474384292;64.462291118385;64.4624933223135;64.4622670110141;64.4622754761553;64.4618474013578;64.4620312500819;64.4618577424138;64.4618610328857;64.462220412468;
65.3150278768332;65.3155589001903;65.3163995149563;65.3162540561744;65.3156247839122;65.3148996568377;65.3149061658398;65.3162418639672;65.315852903835;65.3151689359009;65.3159307590145;65.3154348563761;65.3153816270156;65.315915630334;65.3167301430513;65.3158953477435;65.3161878668457;65.3152921272638;65.315149234231;65.3160925610849;65.3177775921993;65.3163804916034;65.3167427689498;65.315431274858;65.3153888971619;65.3157162074154;65.3162735144072;65.3163053966651;65.3173674756596;65.3166463578999;65.3170819913565;65.3158446855632;65.314600291377;65.3159612846475;65.3158037540734;65.3152406533141;65.3162268861111;65.3158372275005;65.3155463901657;65.3157504426629;65.3156806896596;65.3141920808936;65.314512992223;65.3157811106942;65.3162894646768;65.3156769923219;65.3156336804975;65.3157245090174;65.315638261501;65.3160997432379;65.3161265681858;65.3162521575355;65.3157269885047;65.3147883508547;65.315275318574;65.3154152802357;65.3156077662651;65.3151111625465;65.3155710111429;65.315519164851;65.3150070050715;65.3159574173079;65.3159538699105;65.3155247328685;65.3156522763344;65.31537553013;65.3148708325129;65.3151304676458;65.3154053282309;65.3151356213273;65.3151553249947;65.3153927246393;65.3155714484502;65.3147849167632;65.3152050741916;65.3149074331238;65.3154702774199;65.3143827302554;65.3153472956897;65.3152219563251;65.3151550918489;65.3149126152409;65.3152000570772;65.3150266191174;65.3151399259976;65.3147956217654;65.314538693265;65.3145501202138;65.3149934397183;65.3145858433475;65.3146768849255;65.3144759787239;65.314359705873;65.3138292995549;65.3140635422692;65.3138764102098;65.3141588587557;65.314170415029;65.3141209683427;65.3138769994677;65.3137804692511;65.3138959217758;65.3139534452504;65.3133314152818;65.3133352805232;65.3135219538459;65.3135141278406;65.3134800706705;65.3135592217098;65.313342508334;65.3132355327146;65.3129426515719;65.3132088926858;65.3128539884495;65.3130630323526;
66.1665357284515;66.1670236660722;66.1673446305331;66.1668118481176;66.1662625547815;66.166963871518;66.166938876549;66.1659257118583;66.1686114500652;66.1675019503306;66.1666693245652;66.1675777039995;66.1681624946644;66.1669500093448;66.1670479640036;66.1668543385822;66.1666806909209;66.1669435358045;66.1670340715532;66.1659368750731;66.1671106150391;66.1678197532578;66.1688534798306;66.1679480938968;66.166919391104;66.1661309867471;66.1652058862757;66.1647314884852;66.1672459397947;66.1683191186224;66.1686648741885;66.1673617127469;66.1659914368516;66.1661062160195;66.1677271831704;66.1659768447444;66.1669247963968;66.1667496949372;66.164452398183;66.1656943908042;66.1667092646967;66.166040429958;66.1655345395048;66.1670040229344;66.1662927107259;66.1663594366153;66.1668248353378;66.1674793896499;66.1674302307064;66.1670170052252;66.1666371243268;66.1667246802041;66.1662801154193;66.1665573496243;66.1658692102683;66.1666079914288;66.1669576675809;66.1665742912088;66.1660553840184;66.1657654800086;66.166454150155;66.1668569760479;66.1666666499424;66.1668696327292;66.1666850823823;66.1665557489627;66.166422832754;66.1666181365543;66.1666634287525;66.1667452707583;66.1659721476425;66.1663403064133;66.1669050566104;66.1665225491125;66.1658224514817;66.1660412257436;66.1661742065605;66.1661021805354;66.1665387138403;66.1664659110776;66.16583535574;66.16620316126;66.165849776326;66.1656395580838;66.1660314653157;66.1660152320027;66.165480196815;66.1657642767815;66.1664686899111;66.1662321791331;66.1654430123374;66.1658445506565;66.1655700012682;66.1650673574734;66.1649698710037;66.1653236094979;66.1652338165207;66.1651694369922;66.1655799394359;66.1653908093246;66.1646790293263;66.1649685037254;66.1646801676987;66.1648295641719;66.1646162893895;66.1645720159712;66.164694826077;66.1647442452252;66.164383838084;66.1645299757018;66.1644843342897;66.1642618111162;66.1643036657258;66.1642112910123;66.1640413535006;
67.0183209910771;67.0187085514733;67.0189140674018;67.0190721673334;67.0180004406679;67.0178954086948;67.0184167829129;67.0166322030232;67.0177545904993;67.0189672816186;67.0179300036336;67.0183521826631;67.0183477895581;67.0176217150474;67.0174690520927;67.0179852445047;67.0190553759438;67.0184879266642;67.0178418579003;67.0187401325562;67.017662811977;67.0173906271435;67.0180462838494;67.0179288141042;67.0180227835696;67.0181111738578;67.0179236433248;67.0175090035597;67.0182654007613;67.0183980890516;67.018022074421;67.0180942060502;67.0176808934059;67.0170148503564;67.018171340285;67.0174620583318;67.0167496838863;67.018559723493;67.0188973927326;67.0177895586868;67.0175370708825;67.0184332851532;67.0178026503033;67.0178545084233;67.0179763262865;67.0178568904091;67.0174247142989;67.0172579846749;67.0179317111253;67.0183783245033;67.0175709903269;67.0169114605641;67.0172447181747;67.0183392898502;67.0179115829744;67.0173964007192;67.0180248374086;67.0179479353773;67.0175124310359;67.0168083841925;67.0176363624924;67.0177785568443;67.0178143423375;67.0172966258066;67.0178698053095;67.017688537183;67.0179510392811;67.0182124899451;67.0175384087286;67.0174244017868;67.0175079405409;67.0175377416049;67.0173729105125;67.0181997937524;67.0177041819881;67.0167984996087;67.0170479606377;67.0173478572953;67.0177766956659;67.0177021681092;67.0173475463963;67.0175376963314;67.0171083229069;67.0165889087328;67.016997666203;67.016984511461;67.0169922509074;67.0166963506474;67.0167041676237;67.0168968512325;67.0167310757725;67.0166903311538;67.0167758023304;67.0166668055617;67.0166497047626;67.0164562505132;67.0167184371666;67.0165211329863;67.0164979065737;67.0163296960236;67.0162684441922;67.0162467074671;67.0160762253957;67.0158048362223;67.015918381211;67.0155910766615;67.0159083694119;67.0159077044025;67.0154246313554;67.0151807681712;67.0156202076961;67.0154882978738;67.0152862029623;67.0152285398456;67.0153295121371;
67.8694514986831;67.8693783037219;67.8692759118161;67.8691543546647;67.8703289127525;67.8704668586113;67.8696831973322;67.8685114331439;67.8668746834921;67.8681187047933;67.8703849955304;67.869628776666;67.8686698764512;67.8699257482604;67.869208889978;67.8694800424507;67.8716732044581;67.8705643103815;67.8687878972428;67.8699441031503;67.8693261939876;67.8694043011368;67.8680405973067;67.8681911680111;67.8686228095661;67.8695536829385;67.8687878079933;67.8687364891149;67.8690623742106;67.869095647546;67.8686335016168;67.8687924332745;67.8688003630925;67.8690173697433;67.8684019066601;67.8688947976489;67.8686131654692;67.8696017413377;67.8699941975044;67.869005441411;67.8686246614192;67.8692329212729;67.8692836532263;67.8684428720072;67.8699295251403;67.8693615420455;67.8687386877111;67.8693577782116;67.8689305476762;67.8688993344815;67.8688509927101;67.8694582564661;67.8689366896558;67.8691171823993;67.8690322342531;67.8687760142277;67.8690497072167;67.8691200965221;67.8692499063408;67.8687455375569;67.8684026517167;67.8689271598483;67.8694348566063;67.8692678978212;67.8685926125102;67.8687221378689;67.8686990211499;67.8688465292683;67.868577893828;67.868754869519;67.8687406402955;67.8690145577959;67.8678917669055;67.8684814255237;67.8685146143384;67.8684281476063;67.8684814272421;67.8685979696641;67.8683106748455;67.8681845721784;67.868382320739;67.8682532311879;67.8679832546775;67.8682781432974;67.8679844882091;67.8678539317265;67.8677701688266;67.8679329013187;67.8677895062532;67.8677220496485;67.8675851928812;67.8677811810087;67.8680362977357;67.867806810217;67.8677139632756;67.8677941308513;67.867578666424;67.8677598852977;67.8673473895108;67.8673654546662;67.8675539892607;67.8675015223442;67.8674005378961;67.8672730513544;67.867122164906;67.8670530239138;67.8671430874035;67.8670935539293;67.8665809190975;67.8669154659848;67.8665375305298;67.8669077304678;67.8668370069937;67.8667502736267;67.8666146787759;
68.7197144662825;68.7206502863214;68.7207899122226;68.7188029057046;68.720462283429;68.721743260834;68.7213833608088;68.7197506185513;68.7194638001981;68.719304691884;68.7202875444086;68.7195675383711;68.7217826591367;68.7221996857581;68.7201507671937;68.7194528011371;68.7205317146494;68.7216539087594;68.7210395018962;68.7203666979614;68.7210124738404;68.7203844745683;68.7203724797878;68.7208861778745;68.7202374033977;68.7198966585692;68.7195530321108;68.7194767829174;68.7204692596616;68.7196991098951;68.7195175397094;68.7195070606034;68.7214317047409;68.7213112798456;68.7209621146126;68.720096726063;68.7199005076582;68.7205303379431;68.7215887849282;68.7206760106885;68.7200286421006;68.7195726080579;68.7208373258753;68.7194010707803;68.7202157297834;68.720276742309;68.7207358586483;68.7207645079024;68.7203811840218;68.7196735863793;68.7202447715766;68.7208805049987;68.7203747516719;68.719132256156;68.7199887365243;68.7199262657514;68.7206407218093;68.7204206758978;68.720267570243;68.7197308841057;68.7200056069869;68.7194714662089;68.7201357186456;68.7209981311307;68.7199501854427;68.7196799231737;68.7200406258173;68.7197455642221;68.7201139555999;68.7197824828027;68.7199368630821;68.719524712966;68.7195072004359;68.7192254430577;68.7195572195631;68.7196289427193;68.720028981688;68.7195492731015;68.7194859579803;68.718859676449;68.7193345097632;68.7192412831437;68.7192031178129;68.7189643599868;68.7193878327697;68.7188719507137;68.7192699410089;68.7199404641458;68.7196746342072;68.7190307168548;68.719057230725;68.7189473722162;68.7196416365701;68.7184886313395;68.7190592182855;68.719236184692;68.7188893822227;68.7186135854065;68.7185308946901;68.7185059678124;68.7186990218064;68.7183377095334;68.7186121919575;68.7185136765967;68.7185302087709;68.7182449344273;68.7182542214792;68.7179347724445;68.7177624256107;68.7180341729323;68.7180916459484;68.7177220418298;68.7179794899817;68.7179096642108;68.717517052717;
69.5714957906438;69.5706316887406;69.5709651226385;69.5722393048061;69.5688132282486;69.5713017375239;69.5738845092507;69.5723547251145;69.5707429123851;69.5723105919117;69.5722152934191;69.5714355190441;69.571496938031;69.571860491822;69.5707135887721;69.570942128724;69.5719158076095;69.5728433068793;69.5703041047216;69.5696983380486;69.5709620745224;69.5719914552218;69.5718782999461;69.5706865652756;69.5705970910942;69.571726223569;69.5714504925562;69.5716599597581;69.5727201795589;69.5724053341197;69.571607154341;69.5711854233599;69.5724704456798;69.5725448464994;69.5715194540721;69.5716151451317;69.5713145401798;69.5720796678141;69.5719580957943;69.5711727709949;69.5712825198654;69.5717870540909;69.571532285936;69.5713407175485;69.5704785947845;69.571164784583;69.5710064857765;69.571220056198;69.5720375833927;69.5715574557502;69.570072911633;69.5706192279686;69.5719711739296;69.5722449987796;69.570735302691;69.570774798693;69.5705757836368;69.5716852002045;69.5711550602268;69.5713249149232;69.5716508154675;69.5712086021629;69.5706257577703;69.5713428961731;69.5719798140136;69.5713241154388;69.5706872755462;69.5710021240015;69.5712842738346;69.571708033906;69.5708034360121;69.5709257470889;69.5714295479301;69.5710362541567;69.5701275800672;69.570945802321;69.5717486886119;69.5712147931146;69.5705625977198;69.5709678090734;69.5706797509511;69.5708345454356;69.5704293653527;69.5706306609878;69.5702276488551;69.5701345282409;69.5704036380859;69.5705162065361;69.5704656171429;69.5716381278989;69.5699023374996;69.5700736470215;69.5705477805742;69.5705041972288;69.5698582329829;69.5700123253239;69.5699546958544;69.5697613531311;69.569494568212;69.5697890509205;69.5697790560175;69.5695605148455;69.5693767251766;69.5698124317335;69.5695630150285;69.5696635581319;69.5693294221959;69.5691919468938;69.568796788136;69.5689362044053;69.5690091877693;69.5690506701248;69.5689745213704;69.5686433232779;69.5686178983161;
70.4228570396513;70.4219227548532;70.4235278986386;70.4242661412851;70.4236226568866;70.4236810114925;70.4228049356527;70.4231133679075;70.4225043438566;70.4215227438366;70.423646498427;70.4231794923937;70.4239296864269;70.4228336658908;70.4217319968216;70.4214501809119;70.4231547591954;70.4221670067742;70.4210569034547;70.4207784910163;70.4217447683099;70.4226472603755;70.4222932320351;70.4222280374599;70.4221236682164;70.421785555427;70.4231367354792;70.423459130944;70.423056841639;70.4225440523443;70.4228184077189;70.422428212776;70.4222007605017;70.4223533143579;70.4223634159719;70.4223138788097;70.422991188951;70.4237570746809;70.4228255960006;70.4215601594235;70.4229398873884;70.4225331272767;70.4222869215241;70.4230635302452;70.4224484888775;70.4218780212672;70.4225965763493;70.4225604855391;70.4228407152303;70.4233109897777;70.4222610001379;70.4217989387692;70.4223362556916;70.4229507121134;70.422663191429;70.4228781782805;70.4223279844784;70.4222337408905;70.4221249178511;70.422538236022;70.4225874260435;70.4229184185127;70.4226999678672;70.4217229391395;70.4221381417964;70.4219640248598;70.4219036523224;70.4216318703831;70.4218356490243;70.4224468800675;70.4220483253943;70.4218832869979;70.4223014066067;70.4218238779129;70.421253018335;70.4216970402399;70.4223892151859;70.4214432136287;70.4212500240874;70.4218335493339;70.4219796028154;70.4217581088481;70.4216980710174;70.421934611713;70.4219412705613;70.4217219112575;70.4215295468203;70.4209085701069;70.4216212815816;70.4222893740526;70.4211916051031;70.4207534907361;70.4211225984117;70.4215959667855;70.421290352496;70.4210878681479;70.4212487089263;70.4206365095391;70.4209177360006;70.4209649024323;70.4208355763397;70.4204659009908;70.4204803134919;70.420720258109;70.4206455133636;70.4204038480872;70.4206895259393;70.4203586899949;70.4201539505738;70.4199455982216;70.420382685687;70.4200992882293;70.4198579985813;70.4202487114593;70.4199123290964;
71.2747367224803;71.275376589245;71.2751309984994;71.2743413209065;71.2766303461048;71.2733496094698;71.2723956659707;71.2744090584303;71.2754063025909;71.2732606141315;71.2734940573792;71.2732812456704;71.2732419022191;71.27445805582;71.2743843184051;71.2747039685843;71.2750267160957;71.273997684746;71.2740326008087;71.2747940694982;71.2745143576239;71.2742157217401;71.2722423981349;71.2729873150144;71.2743916617904;71.2737404900199;71.2744015690305;71.2740877216357;71.2730406744503;71.2737811485068;71.2737242222866;71.2736860296932;71.2737072562195;71.2740554541875;71.2740394452302;71.2735809787109;71.2739537724623;71.2737354559611;71.2734664437051;71.27403052708;71.2738761165182;71.2730116701892;71.2731966070612;71.2741962457578;71.2740538677266;71.2738939521022;71.2740730146104;71.273393148633;71.2730313560614;71.2739066220853;71.2734272166356;71.2733038741026;71.2738041496027;71.273674696754;71.2736970228112;71.2738790048342;71.2731006283409;71.2733709261525;71.2734160620225;71.2731000766351;71.2726405287063;71.2733597978845;71.2741322522183;71.2736440365582;71.2727854260363;71.273585266422;71.2737497586379;71.272904721322;71.2728591933069;71.2734274453664;71.2734732313273;71.2729741469169;71.2726124043731;71.2733161224137;71.2730712656222;71.2732268964578;71.2728500957422;71.2728345555058;71.2726593037895;71.27331214155;71.2735320670911;71.2730406377423;71.2728513539913;71.2729853543882;71.2732227568016;71.273335289571;71.2725979313562;71.2726362031165;71.2725911303867;71.2724332276582;71.2725171781284;71.2723623372669;71.2721746657874;71.272546150074;71.2724856203915;71.2724298542744;71.2723252499646;71.2720294917131;71.2716225480786;71.2723058007228;71.2717620394834;71.2714773374854;71.2715763029873;71.2718845996013;71.2715436528587;71.2716463189007;71.2716124346046;71.2715152955491;71.2712091777726;71.2713885348426;71.2716265730105;71.2713584663814;71.2712747614935;71.271217143744;71.2710209248839;
72.1251621578427;72.1241650275519;72.1274193363307;72.1269720044931;72.1262117777501;72.1258151151314;72.1252662481251;72.1258770898498;72.1264752103921;72.1259540881875;72.1248584490076;72.1245421961802;72.1251040612942;72.1266153970193;72.12512760561;72.1250583188365;72.1248477054616;72.1246442980559;72.1253868675756;72.1257386552445;72.1256389973332;72.1264301969288;72.1238852439001;72.1230685500782;72.1252022502549;72.1235991008391;72.1242985745165;72.1250270302899;72.1245243672233;72.1257787921676;72.1254338812735;72.1260373937306;72.1257258694937;72.1252618805875;72.12477077782;72.1243538777839;72.1253589991435;72.1248583917088;72.1253039220064;72.1258228544544;72.1246597201855;72.1237779049951;72.1253760388454;72.1250621863457;72.1244085306261;72.1245305844735;72.1255243795061;72.1248640529508;72.1253785499028;72.1256597269154;72.1245668756104;72.1240432993007;72.1249324235377;72.1255663796847;72.125139535202;72.1243512479453;72.1245576369248;72.1250251108171;72.1260477704798;72.1246974038586;72.1241388777016;72.1243841489401;72.1251942064775;72.125504706504;72.1249390731681;72.1234390085421;72.1239545653744;72.1245749980068;72.1245984101183;72.1239095029973;72.1243251713431;72.1240688792392;72.1238496077668;72.1241015714658;72.1244716343919;72.1240905021326;72.1244161354198;72.1244522218676;72.1239984846511;72.1242034819124;72.1244683670842;72.124373117888;72.1242618596166;72.1245857604057;72.1242404327049;72.1242103738973;72.1241375195242;72.1237024453085;72.1232327786536;72.123295018672;72.1237906789483;72.1238850336086;72.1238551331169;72.1239761316337;72.1237497087936;72.1229707904305;72.1231611714715;72.1232972588013;72.1231816419325;72.1230461659332;72.1229352104191;72.1226508484237;72.1228029213149;72.1228058662727;72.1227955129465;72.1228385521099;72.1228500079661;72.1223410619311;72.1225330896853;72.1224353559034;72.1225424345636;72.1222673367873;72.1221769252646;72.1221117450516;72.1222068489482;
72.9763812954311;72.9739259351301;72.9758408030023;72.975559833996;72.9747146664789;72.9771063080613;72.9771893880404;72.9765381771109;72.9758945984709;72.976949965169;72.9765694786087;72.9767191190798;72.97853222947;72.9769942628919;72.9745493777117;72.974382867463;72.9742821154693;72.9762496849365;72.9760254672117;72.976019979144;72.9753460618813;72.977299062034;72.976098228438;72.9758334247882;72.9765958570317;72.9761742014228;72.9758435075362;72.9768423379974;72.9757762347943;72.9756331960096;72.9765662420899;72.9768895013845;72.9775770085239;72.9766352382092;72.9757914975075;72.975479345053;72.975612258159;72.9760655960102;72.9759990816491;72.9766317626733;72.9762885571926;72.9755854171038;72.9759893439724;72.9761576409387;72.9740054225128;72.975507881831;72.9756116239624;72.9755092063153;72.9749962193498;72.9752546856325;72.9757519996355;72.9762513850502;72.9756085161332;72.9759678852754;72.9757197493643;72.9757141114639;72.9761324382759;72.9750559637568;72.9752864718474;72.9767457476814;72.9754585506888;72.9758009075859;72.9760475709231;72.9757527462661;72.9748539500151;72.9738457700929;72.974424230529;72.9758817893479;72.97603086745;72.9758670376025;72.9751741505479;72.9754167633175;72.9753049752612;72.9752620774099;72.9752092941364;72.9756646529276;72.9748622378378;72.9750914947408;72.97541817637;72.9754536716748;72.975262214463;72.9759481172972;72.9749938958029;72.9752621371009;72.9752345638677;72.975518282056;72.9746991743217;72.9744785905653;72.974336642711;72.9747921829936;72.9747681996048;72.9747665156511;72.9748668893094;72.9750361528262;72.9740993718757;72.9741237371503;72.9744752858824;72.9742610815918;72.974176003077;72.9742157476039;72.9738914540506;72.9744980836076;72.9740452306428;72.9740007111848;72.9738278514542;72.9738825723563;72.973558753072;72.9735380853637;72.9733805257412;72.9735157921484;72.9734194087865;72.9734840501686;72.9730922861189;72.9733049208923;72.9733932931354;
73.8284916334884;73.8286505962449;73.8258224564381;73.8241885731852;73.8261528552293;73.8259461369122;73.8274816504099;73.8269333595155;73.8269274643228;73.8280411599189;73.8274958749019;73.8255638087997;73.8275599510819;73.828158680227;73.8275609106863;73.8267956576337;73.8274460962821;73.8268521283846;73.8258692369376;73.8266110257331;73.8278004613238;73.8264899061661;73.8263651118257;73.8281715103836;73.8282363941815;73.8272834336295;73.8268579188303;73.8283440702742;73.8295940894347;73.8267715487132;73.827478440224;73.8270197880452;73.827571707084;73.8279740997994;73.8281202008181;73.8262641843555;73.8271791089421;73.8275311307481;73.8275281329349;73.8279131877428;73.8279393026258;73.8268393441991;73.8266490660549;73.8272132413035;73.8271128164542;73.826632352156;73.8270799020487;73.8264508848796;73.825986442337;73.8250766089616;73.826439186601;73.8276126290009;73.8273238841479;73.8263297944074;73.8268615367784;73.8262917825615;73.8276835645254;73.8263126386749;73.8258323698225;73.8270120622727;73.8271700416407;73.8269926922878;73.8270348064378;73.8262554337953;73.826957388154;73.8260124622057;73.8259515073941;73.8268531081104;73.8272461798566;73.8268801461818;73.8267723829765;73.8263079525505;73.8266636087343;73.8271371168108;73.8266329321338;73.8264245065658;73.8265945158144;73.8256500910112;73.8264965323282;73.8268269201853;73.8267875777113;73.8262495601757;73.825892475244;73.8253094116504;73.8260681081525;73.8259484381017;73.8260257761266;73.8257408382726;73.8258445877525;73.8257675703436;73.8260072841067;73.8253527551354;73.8255983257576;73.8257155773823;73.8257569602453;73.8258062415228;73.8259841229728;73.8253124597924;73.8253953562304;73.8247448020856;73.8251238149249;73.8252401509603;73.8255464378383;73.8253236257751;73.8252257994274;73.8246950600356;73.8251016949478;73.8245914385319;73.8245926698187;73.8246273699857;73.8248216389055;73.824204901066;73.8243558140487;73.824196388011;73.824426060309;
74.6783841082428;74.6778780386327;74.6779800487063;74.6787065749647;74.6803243849987;74.6799350658541;74.6780300021111;74.6789672973392;74.678579797095;74.6780308338376;74.6774177006353;74.6767271126042;74.6757835743582;74.6780846446844;74.6796870228519;74.6792540016345;74.6794860453618;74.6788372633919;74.678720449268;74.6786001103486;74.6795448588188;74.6786128067808;74.6771536406512;74.6785476730583;74.6790131546331;74.6783054521556;74.6771906839712;74.678841253853;74.6800674679147;74.6792020944776;74.6777803063706;74.6784240625421;74.676562620198;74.6813768371377;74.6812615650414;74.6785564622546;74.6778795786851;74.6789356405711;74.6788722605228;74.6791866092261;74.6786267160012;74.6782284359104;74.6785456822472;74.6784890173618;74.6791492368152;74.6780642033013;74.6774181992934;74.6785170697172;74.6797120189742;74.6789409890406;74.677898208556;74.6777144934167;74.6783380772887;74.6787707586576;74.6790238631492;74.6787411462473;74.6789751188718;74.6789342773595;74.6782206659854;74.678097545943;74.6782608449084;74.6782280997646;74.6784958964306;74.6783927661091;74.6778815894901;74.6781185065581;74.6779230214099;74.6778419929455;74.677680461261;74.6777447778382;74.6773138212436;74.6778207114756;74.6767699451653;74.6777056922469;74.6782266380451;74.6775578840705;74.6774243128961;74.6772947984711;74.6772110116483;74.6775023319876;74.6776298554228;74.6781015045186;74.6775349920694;74.6765254325808;74.6770610893791;74.6777212024869;74.6774579172399;74.677463229943;74.6767196354043;74.676743766828;74.6774000766953;74.6774846163984;74.6767474476583;74.6767427057136;74.6767873405945;74.6768584246321;74.6766682568092;74.6769345922305;74.6762594879238;74.6759552452708;74.6758440944923;74.6763388925434;74.67629211015;74.676143369402;74.6759596826655;74.6758293239179;74.6760044834118;74.676186407058;74.6757706518438;74.6759468294472;74.6756635595599;74.6754444613971;74.6752532670243;74.6757830286787;74.6753212385656;
75.5303114472514;75.5288763376807;75.5279037304969;75.5294621806412;75.529740867295;75.5301523964785;75.529452862288;75.5290407134455;75.5304748672624;75.5309289079028;75.5312522975925;75.5298617986854;75.5280693181392;75.5292390293953;75.5294198794526;75.529057982944;75.5293553119836;75.5304853210655;75.5298155722568;75.5290137756627;75.5304742994341;75.5298000309876;75.5296610649892;75.5291823721154;75.5300073526481;75.5303857861557;75.5291157068556;75.5291280223518;75.5285266404066;75.5302146950677;75.5306880254214;75.5295852369501;75.5300378352471;75.5315426262384;75.529842359915;75.5297377413212;75.5293897827029;75.529107301371;75.529614537887;75.5295571284349;75.5296143630897;75.5287575054288;75.5300561830206;75.5294307914825;75.5287935354906;75.5292724172259;75.529372588019;75.5279394225684;75.5296209491905;75.5309754489014;75.5287867331408;75.5279416039613;75.5292767508668;75.5300952522329;75.5294291025959;75.5292346604804;75.5294879927436;75.5296208246868;75.5296091923533;75.5293876892731;75.5289524787868;75.5287856039931;75.5291385706603;75.5289692686719;75.5295529463615;75.5292916693712;75.5291669172702;75.5288420703387;75.5287379044929;75.5288915342605;75.5289989584089;75.5290048391441;75.5285690245048;75.5284086219519;75.5285278775498;75.5283763919215;75.5287068244193;75.5287348305678;75.5286916795397;75.5279248857029;75.5282598795647;75.5289676219751;75.5281529962799;75.5276165552619;75.5285919936604;75.5289432736979;75.5285216557807;75.5286485483056;75.5282944246461;75.5276262796747;75.5281852220184;75.5279981417882;75.5276217188438;75.527781373355;75.5279231529022;75.5273982687997;75.52789654152;75.5278914190528;75.5276717325371;75.5269787546789;75.5272071591356;75.5269641072332;75.5273143998107;75.5274396586522;75.5274063958035;75.5268720964568;75.5270807345213;75.5270557194291;75.5273361161834;75.5270689140397;75.5268762113747;75.5265056936699;75.5264000057294;75.5267834486185;75.5266023461557;
76.3805577027328;76.3804687257946;76.3811869304011;76.3807212973045;76.3817951820372;76.3788106481541;76.378490992484;76.3809194264069;76.3811366780038;76.3820857031528;76.3812084275606;76.379968894513;76.3799698896659;76.3801218291825;76.3801583907771;76.3793542337527;76.3799413046654;76.3815664286837;76.3806658611721;76.3798404523366;76.3800750771634;76.3815785730662;76.381813286385;76.3817357749927;76.3813294517575;76.3822216003804;76.380812655677;76.3795279074244;76.3794904767611;76.3817629038522;76.3826420740601;76.3799345617625;76.3795920835211;76.3796402552177;76.3803321925803;76.3799982390679;76.380661282584;76.3808848771216;76.3804602459327;76.3805462003729;76.3800121467756;76.3805646764583;76.3800093985745;76.3807989452892;76.3801143417903;76.3805527496246;76.3811126981032;76.3795451156579;76.380071865532;76.3811505616453;76.3800765387188;76.3810933076787;76.380306017759;76.3802448404865;76.3795893242835;76.3801337914747;76.3800745765741;76.3805985791269;76.3802908771281;76.3799842298623;76.3793840239603;76.3805146898711;76.3804168947811;76.3797082383141;76.3804231280599;76.38088259306;76.3793798045277;76.3802035635301;76.3806099529431;76.3800326205113;76.3796020025137;76.3794020263637;76.3807096940385;76.3800991904515;76.3791881472794;76.3798330978138;76.3794377049088;76.3796484088705;76.3800807614753;76.3799373405139;76.3790854309638;76.3797461067785;76.3792695100522;76.3795356919695;76.3796131806982;76.379860208789;76.3794621978426;76.3793827939273;76.3795818025068;76.3792644193558;76.378966530518;76.3792389950266;76.378493665105;76.3791557948262;76.3786829448863;76.3788786069237;76.3788674579822;76.3790628597299;76.378875787607;76.3788159144566;76.3785096033603;76.3785150957078;76.378178926757;76.3785010183325;76.3783632137992;76.3783780629491;76.3780811542534;76.378429886883;76.3781923030918;76.3778883385288;76.3776446074062;76.3779714630303;76.3776508400875;76.3778245874687;76.3777833669983;
77.230990343338;77.2325407038549;77.2322245982237;77.2317086530935;77.2328577306916;77.2323613428658;77.2325789636668;77.2307995525191;77.2318440711413;77.2325894258836;77.2306716237168;77.2304252939824;77.2316944316217;77.2308541112168;77.2326432269222;77.2314787585651;77.2313932330834;77.2293752579733;77.2309170174309;77.2334631131955;77.2318772666449;77.2301781521482;77.2299055418002;77.2331727485906;77.2322140124562;77.2315689097387;77.2312754661737;77.2311015016974;77.2319331049509;77.2313270495515;77.231667426957;77.2315052743427;77.2307741893428;77.2303969707281;77.2325127690546;77.2313497355718;77.2319111530077;77.2312205301915;77.2314381174125;77.2300453036102;77.2316630903728;77.2327781657213;77.2317073273966;77.2317506805741;77.2318229766566;77.2305297294104;77.2315561255272;77.2317947696301;77.2306783805025;77.2312381627235;77.2317084712736;77.2314496262243;77.2315181039919;77.2313299185914;77.2315891443032;77.2318320099194;77.2324501087746;77.2326333162671;77.231823168213;77.2306071224044;77.2304659521563;77.2306222876225;77.2312801252688;77.2309512106667;77.2314526844948;77.2309942620607;77.2313314121559;77.2308736074844;77.2312716594713;77.2308547648283;77.2313483686333;77.2309319106588;77.2315532578634;77.2312805636157;77.2306780501037;77.2312933990606;77.231579726574;77.2306208006856;77.2312165217915;77.2314602950165;77.2309038389835;77.2301672486347;77.2305194098802;77.2304590074005;77.2307074451799;77.2301655682089;77.2308962392536;77.2299563380977;77.2303891485025;77.2307124510706;77.2309549633461;77.2302856425261;77.2301286995843;77.2302023711994;77.2301788565913;77.229870100527;77.2301106930493;77.2299966774939;77.2300411721831;77.2298934423151;77.22990471804;77.2298509945117;77.2296440398073;77.2293225949293;77.2297807074945;77.2293981355123;77.2293887708997;77.2294655016606;77.2295158721544;77.2290693231298;77.2291315221615;77.2287627499331;77.228856530041;77.2288084919893;77.228608421367;
78.0823821760026;78.0829365509787;78.0824038418485;78.0825496007321;78.0819757931181;78.0824598059807;78.0807358035804;78.0824544041605;78.0831842440324;78.0836369134291;78.0824757555514;78.0817363782591;78.0827873100513;78.0830442520244;78.0835869449346;78.0834322854567;78.082075633055;78.0816040030851;78.0814398463881;78.0829271138946;78.0821613588233;78.082864371239;78.082610904465;78.0836881585603;78.0825112184968;78.0829628380583;78.0822295588195;78.082897593444;78.0833437435863;78.0833903088183;78.0825794635428;78.083235957341;78.0816864166426;78.0838958959989;78.0840448319357;78.0833188806906;78.0831870253162;78.0824865410985;78.0811714765767;78.0820813152011;78.0834681361323;78.0828564315186;78.0831714915667;78.0832336711278;78.0831389017387;78.0822017362902;78.082556065403;78.0837175246678;78.0819873630991;78.0827481546834;78.082394049092;78.0824445460896;78.082103404063;78.0828119285588;78.0830729310675;78.0827222703807;78.0819422167623;78.0829818369341;78.0832604849832;78.0831410903386;78.0820561323372;78.0820917790188;78.0809691958312;78.0821668857405;78.0820309096045;78.0819279397174;78.0821271931159;78.082221578342;78.0824613736839;78.0826199890822;78.0825816920438;78.0829642670174;78.0815861533075;78.0818429968137;78.081978365324;78.0826840013853;78.0825872377681;78.0823567675884;78.0815760079173;78.0820543401315;78.0817719212972;78.081939351067;78.0817407024181;78.0818865380977;78.0813781404453;78.0809999817999;78.0816769785821;78.0819897936842;78.0813810586332;78.0816922605329;78.0813888442463;78.0812250489106;78.0815192545777;78.0814162436514;78.0813352571907;78.081595995293;78.0814218165394;78.0811707755553;78.0806635987901;78.0811396567147;78.0805522163963;78.0808984237542;78.080609992302;78.0810097469206;78.0809004293566;78.0808415927682;78.0807192385597;78.0808721842667;78.0802609873782;78.08041148368;78.0799205585945;78.0800256486297;78.0800072724982;78.0798052039824;78.0799502366614;
78.9344044824608;78.9341342259688;78.9343909881219;78.9346126744855;78.9334034122705;78.9314225979752;78.9308330997371;78.9339617023914;78.9346792684178;78.9332892378269;78.9347006794365;78.9316078717422;78.9310541624431;78.9342391113426;78.9342756516458;78.9350749745593;78.9345279214271;78.9361640858289;78.9350317814384;78.9346418785792;78.9346108814626;78.9341059292779;78.9342748149824;78.934725671245;78.9348930428428;78.9350521166916;78.9343051074633;78.9329746252787;78.9340280194083;78.9354782689874;78.9343964656709;78.9329256095415;78.9339690141007;78.9336316290684;78.932651545816;78.932703087343;78.934034407719;78.9348254201832;78.9336124233458;78.9342919914195;78.9342127092204;78.9333097070283;78.9339873529647;78.9341715310682;78.9344053292483;78.9349234448504;78.9335263592429;78.9352780961139;78.9346004227035;78.9331152376759;78.9334469670276;78.9335265278127;78.9336256736323;78.9333943972767;78.9339181500321;78.9337051350078;78.9338978463278;78.9329917956122;78.9332243845264;78.9333663402226;78.9336335033339;78.9351589688333;78.9355309545585;78.9331450164247;78.9337637323754;78.9332698923611;78.9336063244434;78.9333174930031;78.9338563747737;78.9344930790894;78.9340168260232;78.9330682095365;78.932790766606;78.9329584525432;78.9333502969101;78.9333180940368;78.9338499307533;78.933397205132;78.9329045696846;78.9333130169632;78.9333378997961;78.9331753393474;78.9331789296663;78.9332605514503;78.9331431349566;78.9328544869611;78.9329287615234;78.9333160257282;78.9333582992924;78.9326885361032;78.932796496988;78.9326133728404;78.9329236268732;78.9327500677457;78.9326796747743;78.9324319154055;78.9325851821124;78.9322553298195;78.9323739659637;78.9328607166214;78.9327789167531;78.9318663336093;78.9319227956612;78.9316240660604;78.9317259852898;78.9316954537033;78.9321193246642;78.9317390942576;78.9314957522966;78.9311141368243;78.931417209018;78.9311889125384;78.931125763481;78.9313277297677;78.9311382743105;
79.7854513807742;79.7861097363801;79.7874569534901;79.7850012979681;79.784488737292;79.785165368614;79.7860682185688;79.7851084696263;79.7853763612735;79.7860966107927;79.7845731693385;79.7859231925529;79.7843252188413;79.7855633791431;79.7864737044456;79.7835469294793;79.7852794314647;79.7864856759136;79.7851849783577;79.7859515109858;79.7854303537907;79.7843631946784;79.7855740730464;79.7853633806782;79.7841980291529;79.7842867990599;79.7863795429067;79.7844715466925;79.7847753253881;79.7852237639456;79.7847152670179;79.7844441850888;79.7861635886574;79.7862219687218;79.7849277148346;79.7846280152798;79.7844319050093;79.7850778517659;79.7847316937074;79.7834817579718;79.7840657235465;79.7851304831144;79.7859422375155;79.7855911205201;79.7847078203918;79.7851991152374;79.7847491123121;79.7858975699374;79.7850078581861;79.7833315818737;79.7843948562833;79.7846602431469;79.7854042899119;79.784984440303;79.784388700366;79.7842118781843;79.7853385490457;79.7848280816419;79.7849780481275;79.7847693225729;79.7840423426399;79.7861892843089;79.7878586116929;79.7841152464783;79.7848835549424;79.7852049423855;79.7842007572695;79.7844828040573;79.7844522185882;79.7847646267111;79.7852187494418;79.7851702343105;79.7850942032444;79.7850850099154;79.7842839689542;79.784567611288;79.7843671861054;79.7842517087902;79.7839362215226;79.7844457051317;79.7847885684693;79.7841356165193;79.7836206356931;79.7843147316573;79.7840581510528;79.7840859539167;79.7843599535181;79.783914233339;79.7842661794506;79.7841001879372;79.7839773025721;79.7840135488148;79.7834553677258;79.7839906958777;79.7835616787528;79.7833418545896;79.7830886319716;79.7836897604019;79.7837020527986;79.7841343791968;79.7842373355338;79.7835101664248;79.7827756346791;79.7828753677305;79.7825611310497;79.7829258173711;79.7831166995995;79.7828517278778;79.782650329472;79.7829283907869;79.7827335658962;79.7826253581802;79.7823947212188;79.7823325373704;79.7821696800573;
80.6365579281944;80.6363651833286;80.6365715728248;80.6369535940819;80.635719030751;80.6365511816231;80.6375460839539;80.6356370085706;80.6365093830825;80.6380178263413;80.636647883652;80.6381601118018;80.6363156433245;80.636393314542;80.6371867117574;80.6337628635003;80.6360220673903;80.6365542137322;80.6351749942922;80.6356909642332;80.636244194839;80.6351899881472;80.6369926625645;80.6358023310708;80.6356695598073;80.6363984677952;80.6363388642037;80.6365459431479;80.6373464499045;80.6363542601091;80.6367105615637;80.6361634766447;80.6359683441579;80.6354176131058;80.6359241066613;80.6370917041969;80.6364694520198;80.6354882029084;80.6367437663355;80.6354476838576;80.6361290248149;80.6353957199083;80.6358202132796;80.6366253505989;80.6358617561533;80.6353607954187;80.6358181213217;80.6342898999169;80.6365718500448;80.635490841797;80.6354870712787;80.6359731413604;80.6362972137901;80.6369890091399;80.6364859150866;80.6351437539692;80.6353878751614;80.6354921156688;80.6355567641681;80.6358222000966;80.6358932218892;80.6350917726656;80.6363771401753;80.6370425302235;80.6365188524378;80.6367713711531;80.6365700063204;80.6361154869188;80.6359599958263;80.6347300579987;80.6351160756668;80.6352981102092;80.6358893652925;80.6359253870395;80.6352634903296;80.6349572574205;80.6354750598364;80.6358111362325;80.6357136655364;80.635262859974;80.6356811074533;80.6349758951706;80.6348629656884;80.6352554706114;80.6353960986004;80.6347015512646;80.635410085313;80.6348429096145;80.6351928987757;80.6351609610737;80.6351287395099;80.6347333382394;80.6347969495415;80.6344319156746;80.634516239285;80.6342087152866;80.6345404252729;80.6343926229968;80.6345958551101;80.6345463606161;80.6347332055837;80.6347405176378;80.6344182901227;80.6337646410857;80.6341753187071;80.6342263464639;80.6343123178976;80.6337705900306;80.6338262440636;80.6338939918311;80.6337132182322;80.633238758526;80.6335588794353;80.6336910978404;80.6337283427128;
81.4892383479402;81.4887019087478;81.4873421935267;81.4868312516671;81.4875717852067;81.4883204787365;81.4878023632448;81.4878839717198;81.4875311336129;81.488143061989;81.4884366702818;81.4881535625421;81.4847647559872;81.4875756597447;81.4872072465776;81.4870607018932;81.4881547688119;81.4890078003422;81.4876710480712;81.487415639916;81.4874728747862;81.4857186974452;81.4868310613812;81.4876837557899;81.4869786900832;81.488083307899;81.4869660334572;81.4883933004132;81.4888228322696;81.48737976458;81.4873580268793;81.4883226286;81.4871098609697;81.4863586585934;81.4869529993129;81.4878888298742;81.4870553972388;81.4871007591707;81.488059705347;81.4889059515366;81.4877218877379;81.4863814246603;81.486100079517;81.4879860172816;81.487397682147;81.4877214802054;81.4878724197166;81.4868690611721;81.4873958672293;81.4877759936877;81.4875089834568;81.4879573294532;81.4862889874544;81.4872584663429;81.4881028682546;81.4877700384934;81.4862786736168;81.4866280456781;81.4860227802655;81.4868699610624;81.4882496187941;81.487557983292;81.4858342061149;81.4878131163642;81.4870401723784;81.487250240318;81.4876651099243;81.4867583480113;81.4864554424798;81.4867496896749;81.4861987562701;81.4865961144389;81.4865552753572;81.4869888568673;81.4859214943878;81.486779829312;81.4866310178405;81.4870140402003;81.4872420969727;81.4868223420398;81.4868162356095;81.4877835922936;81.4861159094185;81.4865294037712;81.4866863550079;81.4868197996622;81.485321911735;81.4861003999788;81.4862010208733;81.486335404462;81.4863071692411;81.4863512521223;81.4859509571853;81.485909493597;81.4856473750237;81.486071126926;81.4853817899173;81.4856178561197;81.4852534742526;81.4858765009567;81.4856936548399;81.485975963017;81.4853189010133;81.4853597536772;81.4853707163041;81.4855084274782;81.4846968836011;81.4851672745986;81.484935635343;81.4845750650048;81.4842452264165;81.4849197455448;81.4846934126181;81.4845095327418;81.4846760118306;
82.3398281378923;82.3392225314677;82.3392594447841;82.3376968588957;82.3397803758469;82.3388854267802;82.3396135247146;82.3394672653571;82.3380316951288;82.3381289652283;82.3396185498274;82.3393659064548;82.3373638855578;82.3384925975656;82.3395135015566;82.3386882254246;82.3389756937113;82.3383659083483;82.3379696758486;82.3381834333611;82.3389459677491;82.3379524425694;82.3378750220119;82.3385359696753;82.3387494142178;82.3370122605408;82.3385317017377;82.33799875869;82.3397197265782;82.3404757551901;82.3391721866403;82.337557001786;82.3399184480945;82.3394038799577;82.3392330840576;82.3387895963665;82.3385854814187;82.3383769722324;82.3390906237516;82.3376583303765;82.3383111136877;82.3390326801662;82.3383108910783;82.3384737886791;82.3385620805598;82.3378829748227;82.3386920282462;82.337654770608;82.3373788356679;82.3385494388044;82.3393628799322;82.3382664296683;82.3378450992469;82.3379755354442;82.3391454901073;82.3391495440036;82.3395224729133;82.3387531271057;82.3381535774327;82.3376067221079;82.3393807315333;82.3379698893145;82.3382512567758;82.3382440435851;82.3382231882858;82.3377786536799;82.3383210753276;82.3377755092339;82.3378525825318;82.3377354159516;82.3383440351159;82.337417752307;82.3382991546586;82.3390851379004;82.3379479555785;82.3377578710406;82.3386318476112;82.3377218376299;82.3382610549742;82.3378701597647;82.3372435544859;82.3383244738783;82.3378383369897;82.3373326731372;82.3378061503823;82.3373185792491;82.3374770147082;82.3370328865526;82.3373650630547;82.337411187607;82.3374990681083;82.3370521629683;82.3369580404378;82.3367533517639;82.337086967926;82.3368538187197;82.3370186083737;82.3367395900863;82.336941687195;82.3363194164294;82.3366046667297;82.3367386658016;82.336115221993;82.3359297820546;82.3365708943134;82.3358588109471;82.3361082531338;82.336047067703;82.3361441011442;82.3355422723811;82.3358109921843;82.3356788054447;82.3357669476941;82.3357566862126;82.3356389281393;
83.1891671024383;83.1896907196509;83.1906235979131;83.1904896184101;83.1894576170782;83.1904495899755;83.1914150022624;83.1907786556955;83.189747843554;83.1897437488176;83.1894999343415;83.1900830702086;83.189635622143;83.1902196516918;83.189487445615;83.1888260755005;83.1880408634033;83.1883516245514;83.1881008489047;83.1905594753057;83.1915864224043;83.1907265715003;83.1901588950145;83.1904573323262;83.1908943825055;83.1899595122381;83.1878650441355;83.1897598393936;83.190226707353;83.1901393939788;83.1901256194265;83.1898655040522;83.188932105279;83.1907785200456;83.1905496955629;83.1898095926311;83.1896161663134;83.1907401564782;83.1912403716905;83.1908757223136;83.1901188816203;83.1904050070913;83.1893363780987;83.1894463521326;83.188987713233;83.1886731686449;83.1881341447922;83.1886027608998;83.1882436296199;83.189349768912;83.189949629861;83.1897255776038;83.1887666914773;83.1895674890822;83.1892020555548;83.1889790069318;83.1901169909186;83.1899215550624;83.1889585842897;83.1892974176804;83.1891210027579;83.1891513460053;83.1892402867301;83.1898885622237;83.1895429151612;83.1893402211237;83.1884188435355;83.1899782158008;83.190721683082;83.1885841719899;83.1880107137059;83.1891586179383;83.1894797161;83.1900643861206;83.1891589908467;83.1889346448362;83.1890357779093;83.1887047585594;83.1892249444459;83.1889824973786;83.18796891936;83.1886967484329;83.1885463006789;83.1886337079643;83.1881638006842;83.1883742015583;83.188756075041;83.1887959490415;83.1885984376763;83.188729293908;83.1881221423639;83.1881269811363;83.1884795985292;83.1881750519427;83.1876851495772;83.1881987100669;83.1881793377671;83.1881451382917;83.1882859307764;83.1881445251539;83.1875693077035;83.187571740529;83.1868272464544;83.1874933515596;83.1876628992668;83.1873637546036;83.1871347800991;83.1873888711084;83.1871829513312;83.1871679189567;83.18682668733;83.1874081775386;83.1868844922969;83.1870330162831;83.1869914504869;
84.0405259397085;84.0407375780504;84.0407568002051;84.0421089750309;84.0411416504018;84.0407987021236;84.0410829848616;84.0409740783916;84.0425671060745;84.0402687417822;84.0401918449292;84.0418199400341;84.0407522728727;84.0409920837614;84.0430180004551;84.0417673844109;84.0411216087454;84.0425702390152;84.0412650554321;84.0405119349788;84.0410896302219;84.0400413199115;84.0411784051676;84.0409259612297;84.0410297473567;84.0428597827166;84.0403615556241;84.0402755923059;84.0414862948013;84.0408645461646;84.0418267514781;84.0419039369249;84.0406830460215;84.0417868917446;84.0419007796297;84.0408987902965;84.0408544511708;84.0407645462173;84.0411548511527;84.0418614537219;84.0405667705485;84.0410330241818;84.0421224352177;84.0419343278126;84.0418941171415;84.0408192432303;84.0406800177237;84.0419396870454;84.0413776828842;84.0395638512808;84.0404862678124;84.0409482665751;84.0401696139496;84.0406097404687;84.0402791252121;84.0405492481427;84.0403746303694;84.040329452335;84.0403344642579;84.0405007255564;84.0404442214453;84.0403888419526;84.0406674173861;84.0408318139044;84.04075732106;84.0403328564009;84.0407909134413;84.0399732088321;84.0410405723004;84.0404569146441;84.039839556624;84.0401546748279;84.0402426803046;84.0400542704692;84.0401240810392;84.0403759762953;84.040266459026;84.0393315868642;84.0401562709114;84.0396333499226;84.039739643469;84.0396624334892;84.0389580694783;84.0394685880391;84.0396798740425;84.0389516556881;84.039888588703;84.0402143654596;84.0400425165435;84.0396264025223;84.039653251065;84.0387338826527;84.0396209396328;84.0393498485369;84.0396346133252;84.0392583397637;84.0394248553421;84.0391037677077;84.0392372891735;84.0390577829191;84.0389948356627;84.038534603394;84.0388626947381;84.0387475903891;84.0390552569401;84.038616798849;84.038810957984;84.0382878922225;84.0384464728236;84.0381792176417;84.0381544430445;84.0384171485795;84.0378888984742;84.0380200037296;84.0384453741688;
84.892282846045;84.8933252516598;84.8908350737163;84.8930436307728;84.8929505973766;84.891614280625;84.8921815911426;84.8913962923209;84.8937558276401;84.8925433330775;84.8910941188744;84.8934058053651;84.8927451926069;84.8923144690401;84.8935904847154;84.8927001683106;84.8916027325781;84.8928149021421;84.8920507714301;84.8926558351968;84.8920196400316;84.8920510268093;84.8925483359845;84.8923026297546;84.891764171653;84.8926686596629;84.8912375447067;84.890943014049;84.8918710132761;84.8919685483692;84.8917640823018;84.8912560769568;84.891672291612;84.8923289148189;84.8922028687925;84.8918321867781;84.8913665836592;84.8913186954794;84.8917015681616;84.8925350794721;84.8910410597219;84.8918240526293;84.8919734966324;84.8920925219969;84.8914398793633;84.8918866589947;84.8921976173241;84.8916865554025;84.891485953773;84.8917119378638;84.8908402428638;84.8931650341853;84.8928287759171;84.8922757121477;84.891438441542;84.891933519583;84.8916347373737;84.8911320926503;84.8912791056587;84.8922644830487;84.8926665625649;84.8921653953121;84.8915053532806;84.8913142662094;84.8919655672613;84.8924284477075;84.8912351111518;84.8906053257328;84.8910767191134;84.8919079164257;84.8913831278388;84.891153329619;84.8907854100873;84.8911929786793;84.8911491048655;84.8915489130692;84.8914028884507;84.8911085857837;84.891081382849;84.8914279808946;84.8907856772802;84.8914799810416;84.8904951206697;84.8908756766875;84.8911714582586;84.8909242895053;84.8904715446438;84.8910588626813;84.8909540789811;84.8908872213775;84.8899576346419;84.8901123710946;84.890272910039;84.8904618956766;84.8905247172319;84.8906984577849;84.8905090028434;84.8902788894059;84.8897384510807;84.8900061870743;84.8898268838266;84.8899629482257;84.889961342581;84.8899873398243;84.8897138141391;84.890231551943;84.8903320879174;84.8898690141724;84.8895912762964;84.8898810696989;84.8893568626834;84.8893624686148;84.8891433463992;84.8891449190273;84.8894893361475;
85.7447920689395;85.7452807286934;85.7446897986556;85.7439323653692;85.7445248210507;85.7419221500198;85.743128357395;85.742860368481;85.7437316592913;85.7432711210727;85.7440810772777;85.7429631443787;85.7424460647597;85.7425283466869;85.7439963483953;85.7419785224718;85.7434611258177;85.7431383628813;85.7418269426035;85.7439870400537;85.7435388624955;85.7434461276715;85.7427308401965;85.7434043082954;85.7443560339547;85.7430550489631;85.7442092713616;85.7431144521421;85.7428246328121;85.7412397456262;85.7420740518636;85.7427499404586;85.7434077295638;85.7432813455875;85.7428748590826;85.7433634193568;85.743137549708;85.7426759679451;85.7434749715579;85.7443833655783;85.7432966290444;85.7427444007604;85.7426773637773;85.7422789826427;85.7421835530375;85.7417373634203;85.7440235237997;85.7430955972012;85.7418475661069;85.7423845826758;85.7433438100809;85.7427443470264;85.742196925183;85.7433233482106;85.7427116413608;85.7419611166106;85.7437151262833;85.7429624931805;85.7438823025319;85.7432564179754;85.7427416160057;85.7432875369155;85.7428176958971;85.7416611962999;85.7431122503834;85.7425741899456;85.7424090569494;85.7432886122786;85.7431078462364;85.7428089456133;85.7431145553845;85.7422382928368;85.7426665758893;85.7422183856217;85.7419102495521;85.7421731342564;85.7428378947118;85.7424331778295;85.7424546171871;85.7425989186075;85.7427494549059;85.7418639236291;85.7418277713682;85.7419955504805;85.7421103024897;85.7416619268717;85.7422192707547;85.7418936397202;85.7420017705671;85.7408351986638;85.741727180146;85.7421679853542;85.7419662390789;85.741563608957;85.7419076804784;85.7413367722176;85.7415997238746;85.7410774813105;85.7415194703949;85.7412156685344;85.7415002618262;85.740957042364;85.740845495168;85.7402474265783;85.7407970857647;85.7411804419656;85.7414061287437;85.7408929770505;85.7406272237834;85.7404338270683;85.7407271856053;85.7402933936947;85.7405750944527;85.7405548117677;85.740195303204;
86.5951997449131;86.5935086471202;86.5939182250321;86.595146088634;86.5929644645649;86.5929558832344;86.5943769425735;86.5948830942711;86.5923007406198;86.5925044489757;86.5954554222403;86.5967033281215;86.5940302308286;86.5929645851392;86.5956696309409;86.5950481822184;86.5946542660332;86.5950451308847;86.5937151645209;86.5942029846573;86.594634194203;86.5956781229809;86.5924104053902;86.5954364053493;86.5965113060202;86.5945355856044;86.5929460859218;86.5940548904765;86.5943595439853;86.5953168436465;86.5940221424646;86.5945286025827;86.5941665093901;86.5948448646114;86.5954469152974;86.5955446610218;86.5952772863241;86.5941677743347;86.5930501517832;86.5947980667578;86.594321576931;86.5942570023505;86.5940487505723;86.5945800123099;86.5940091413472;86.5946018719659;86.5950252879381;86.5945457207813;86.5936215693312;86.594136718429;86.5928397329787;86.5939100873783;86.5936509133228;86.5939321399503;86.5927384667561;86.5937758866713;86.5941885082526;86.5938212970182;86.5939647035029;86.5948253097638;86.5934558127325;86.5936544541689;86.5941751190105;86.5954562995402;86.5934256731452;86.5939841510956;86.5935923209324;86.5944778962909;86.5936306035066;86.5930932491641;86.5937441085477;86.5941439672334;86.5945500039536;86.5941051548987;86.592233471343;86.5931687049866;86.5933376672492;86.5935910499608;86.5934983094434;86.5937260498052;86.5929116212516;86.5938358054215;86.5923909004659;86.5929520563641;86.5930629401868;86.5930183164924;86.5933805185723;86.5935202839522;86.592746468184;86.5927061024844;86.5923159430303;86.5932448710945;86.5935265529632;86.5929244454235;86.592118989174;86.5924312708203;86.5922075093417;86.5927162936666;86.5928694363755;86.5927619767986;86.5923718905142;86.5924966053771;86.5913281757204;86.5917060486161;86.5915863553973;86.5919077409869;86.5919007562905;86.5920741035492;86.5911154249753;86.5914782082128;86.5912236210148;86.5912314118914;86.5914471039243;86.5912976134093;86.5911180570859;
87.4448882343194;87.4441876829369;87.4444622270715;87.4464867844538;87.4465135818745;87.4463517943196;87.4461001498162;87.4445045991987;87.4453454125998;87.4461428665202;87.4455881661391;87.4467242879244;87.4460775457315;87.4453312515836;87.4462879728567;87.4458108459478;87.4448323991745;87.4459699783845;87.4459148475586;87.4450657102818;87.4451688328686;87.4457549298206;87.4457650190867;87.4463160496205;87.4459511119215;87.445817392807;87.4458095383956;87.4450488123475;87.4475198497108;87.4466242060199;87.4454519984585;87.4457785446618;87.4457594254638;87.4442944711571;87.4461513964667;87.4461575228256;87.4453602358704;87.446796708029;87.4475740640005;87.4456864518017;87.4449183926071;87.4446454531135;87.4447517418477;87.4454490164106;87.4455032815796;87.4457378564762;87.4460958240105;87.4456547568067;87.4451715431955;87.4436370593653;87.4433425953155;87.4448748520012;87.4451972021347;87.4451936175932;87.4458438893809;87.4449729516318;87.4455125233995;87.4453683133409;87.4442074307159;87.4444014150401;87.4448278384497;87.4435502867723;87.4452590114729;87.4458771582403;87.444038001217;87.4453150379274;87.4452222210071;87.4448639683825;87.4451218280266;87.4436616345729;87.4449318966363;87.4449506532131;87.4449782611005;87.4449729437906;87.4447496815353;87.4441092693731;87.4447363212892;87.4450621341613;87.4446141758092;87.4444717604376;87.4437959129916;87.444074315582;87.4449472445776;87.4441527306805;87.4441364824077;87.4438682402189;87.4444019933668;87.4444203065773;87.4443153418191;87.4445416497054;87.4444805610474;87.4437059574689;87.444070215574;87.4439739213356;87.4439981245923;87.4438337563549;87.443958001837;87.4436914052043;87.4436626957876;87.4433035635256;87.4433938163288;87.4432288191366;87.4434845604898;87.443272504605;87.4431093006056;87.4427286309039;87.4430814624199;87.4432670217827;87.443075710249;87.4423653412431;87.4427651763969;87.4423864591153;87.4423421772298;87.4425926921121;87.4422786262733;
88.2977422385996;88.2972652579386;88.2973465374749;88.2995437621243;88.2992649266298;88.2956994924637;88.2953232599073;88.2959964921585;88.2968275453751;88.2964212189971;88.2959618921065;88.2985244822444;88.2969542918215;88.2963082896589;88.2962666255563;88.2961784916331;88.2957360034777;88.2975806312847;88.2972972750387;88.2974406511278;88.2964782072933;88.2966663237431;88.2974789978249;88.2983349830239;88.2973890279672;88.295618149463;88.2969471657575;88.2993863890685;88.3001429731605;88.2976350484737;88.2961627820681;88.2954837704785;88.296925929392;88.2959494645369;88.2973207002047;88.2967443140043;88.2951220989039;88.2973604590325;88.2977823691224;88.2963250013761;88.296297129997;88.2965161097162;88.2958589157546;88.2961307747491;88.296139524854;88.2951721562407;88.2957697359081;88.2964065294045;88.2969128103259;88.2959723387852;88.2956368837832;88.2962918965027;88.295888391111;88.2964274058399;88.2963707914013;88.2961987713964;88.2965251826878;88.2975738220837;88.2960336959592;88.2956660019095;88.2960878640075;88.2961461027527;88.2975977370447;88.2971043853176;88.2953476760717;88.2958137029549;88.2962507288293;88.2960876460398;88.2965581100124;88.2961661701361;88.295300244336;88.2957191211914;88.296112500923;88.296523855803;88.296065108493;88.2960048225995;88.2953286413207;88.2958301323842;88.2960360905905;88.2961346496448;88.2953948412287;88.294943591693;88.2958201044567;88.2956928739185;88.295136056817;88.2952293371004;88.2952204156162;88.2952636507003;88.2953066494968;88.2953485861271;88.2955040499158;88.2951402370353;88.2950306186597;88.2953700881777;88.2949068325306;88.2951053525328;88.2945484719846;88.2945345477281;88.2941098569422;88.2945914433859;88.2947437439734;88.2945777702895;88.2944890903288;88.2946723667792;88.2941983086974;88.2941181538014;88.2940383203515;88.294219750326;88.2938502469615;88.2938719295347;88.2936472580419;88.2938935361526;88.2935388142066;88.2934050450597;88.2933896087342;
89.1482454542881;89.1474382735726;89.1494631495157;89.146552923131;89.1470434345654;89.1468959328533;89.1450409508573;89.1473834973883;89.1478407853612;89.1458909843386;89.1465782091621;89.1475022339353;89.1463845331153;89.1479696845912;89.1480272795345;89.1461902473074;89.1476897469977;89.1472558821308;89.1480678876289;89.1493726382138;89.1489814290119;89.1477241237394;89.1476606003331;89.1486501265072;89.1478835291045;89.1454161254512;89.1461908787521;89.1460937212371;89.1497317089915;89.1502360450453;89.1475081945161;89.1488967306894;89.1481223607615;89.1468415784854;89.1478960751628;89.1466174548688;89.1469798542117;89.1461314386986;89.1472675255472;89.1471769364839;89.1492136644561;89.1495098611028;89.1482129685381;89.14747444471;89.1479622271747;89.1476439742791;89.1481424793866;89.1475802666268;89.1476677933407;89.1482083956445;89.1477118845932;89.1469395458298;89.1477544816005;89.1484715763063;89.1469542541558;89.1460444503585;89.1474155284357;89.1483785850377;89.147338243723;89.1467739844264;89.1474709196104;89.1468643136611;89.1475505115971;89.1478956297599;89.1474533682784;89.1465593329853;89.1475313449711;89.1472037406863;89.1476451551634;89.1477952620766;89.1474906702093;89.1471851375265;89.1477291747783;89.1475658068542;89.1466937039859;89.1466961875953;89.1467770103084;89.1454323289919;89.146742822458;89.1468210173431;89.1469679881932;89.1458013565539;89.1460925426967;89.1463009534692;89.1463005053806;89.1462460588928;89.146725468373;89.1461550479846;89.146092184236;89.1461952352839;89.1465615927773;89.1456832971292;89.1463653184043;89.1460443544234;89.1463877057474;89.1454805203819;89.1462376350559;89.1457199158826;89.1460386337622;89.1459047527841;89.1459377989802;89.1454077424002;89.1455240267311;89.1451533380794;89.1454830990395;89.1449675454215;89.145116862582;89.145087632235;89.1448520552335;89.1445331987695;89.1452092966982;89.1449431285527;89.144968688663;89.1445769423275;89.1445710317502;
89.9993261592878;89.9989228936246;90.0002701103319;89.9974838096776;89.9993351795693;89.9994609033173;89.9967210769191;90.0000275113462;90.0001652394042;89.9996905623451;89.9975950622426;89.9991479335183;89.9991641231752;89.9994922541618;89.998110140968;89.9975474499529;89.9985513645395;89.9988682880203;89.9991395471422;89.9998792149181;89.9999854451571;89.9990166809043;89.9951478452641;89.9983096025098;90.0003737965798;89.9995871233088;89.998266523615;89.9980426953458;89.999007693329;89.9998042888825;89.9990961699878;90.0011496232622;89.9988338915759;89.9998157447228;89.9980833676758;89.9980708316709;89.9980281754433;89.9981954884063;89.9980355389309;89.9991420329378;90.0000078070509;90.0001319620077;89.9986844062807;89.9989752393752;89.9989063119559;89.9987047296484;89.9985406561582;89.9988806104744;89.9981662637683;89.9988864989939;89.9993294136454;89.9989245647659;89.9970367533819;89.9979350307756;89.999555635631;89.9989026582498;89.9975866463662;89.9984572077203;89.9991662991841;89.9992842372206;89.9986121240399;89.9982750794538;89.9973435644191;89.9977969875456;89.9987091351901;89.9985861716325;89.9976238404662;89.9980684893076;89.9980355152754;89.9987294808791;89.9983617034241;89.9984686620694;89.9986138219723;89.9981282240038;89.997481492737;89.9983246202622;89.9976204004659;89.9976120524191;89.9971757018682;89.9977211017415;89.9972208343357;89.9976041360303;89.9970429087112;89.9974331814353;89.9973755516008;89.9981868886745;89.9974978225609;89.9974453069214;89.9971389081535;89.9976513862991;89.9975108574572;89.9977201984241;89.996724535101;89.9970325251058;89.9971071603451;89.9969751649694;89.9969721574693;89.9975017424347;89.9971269364843;89.9972846591891;89.9968191439496;89.997023468055;89.9963631494058;89.9965419899776;89.9963576190801;89.9965699662957;89.9962447953001;89.9961833259466;89.9960045368389;89.9963791679461;89.9960704743322;89.996013397921;89.9962859668913;89.9961059694969;89.9962490678656;
90.8496722208673;90.8491137823027;90.8516256039499;90.850288760893;90.8507504654815;90.8489670252221;90.8506879493547;90.8511378436199;90.8507950359529;90.8500711801314;90.8492408665804;90.8494041553609;90.8513275748573;90.8504840923007;90.8507960462186;90.8478340583734;90.8489294994341;90.8514738259893;90.8491756624775;90.8491296038024;90.8505477617276;90.8502485633759;90.8496558173562;90.8492284808463;90.8508947182197;90.8513079639465;90.8516896706338;90.8498131079997;90.8513350537194;90.8516931239181;90.8501046923572;90.8493597448122;90.8498895044178;90.8505197414927;90.8499111077386;90.849641904418;90.8501771121581;90.8500357894271;90.8496697704716;90.8493945874148;90.8483520997833;90.8491959911992;90.8498533885811;90.849237536844;90.8498992973738;90.8493137687313;90.8505021296448;90.8493291597481;90.8496737023808;90.8491183589883;90.8505854473009;90.8491703996832;90.8492437288418;90.8482110733607;90.8499330243597;90.8510863237358;90.8498478443584;90.8488392931418;90.8489789768083;90.8502978730436;90.8501076153521;90.8488190371229;90.8494892825059;90.8489604143653;90.8499374848294;90.8492315560867;90.8494965984634;90.8488818710193;90.8496310934474;90.8499883069389;90.8496036188984;90.8492607686399;90.8495218377216;90.8480864209376;90.8495340270233;90.8490774384644;90.8483984433555;90.8487931749355;90.8490206686257;90.8484284274635;90.8493689485137;90.8489287603371;90.849753059177;90.8491172465026;90.8488092994154;90.8487818466697;90.8489733563306;90.848488888261;90.8489758946984;90.8490391360944;90.8490403760994;90.8485072694932;90.8486142461763;90.8484576514928;90.8482066457891;90.8476930009254;90.8482803709652;90.8482367761272;90.8480488035252;90.848104028323;90.8486031710207;90.8476766900906;90.8479372200321;90.8475571830012;90.8478409208641;90.84725903073;90.8476604026723;90.8474194288023;90.8473863363235;90.8469939323298;90.8470652791589;90.8468309274024;90.8472184353899;90.8472314522606;90.8471938391276;
91.7011404594298;91.7022052771802;91.7015352417953;91.7004897683591;91.7009799998451;91.7016055888674;91.70282681727;91.7005310688703;91.7012967061647;91.7023106576155;91.7006230659994;91.7013912526594;91.7017364614005;91.7004978131499;91.7024540534957;91.7007777636128;91.6986025965463;91.7019289406013;91.7014670348551;91.7005489733314;91.7016255203451;91.7013292010551;91.7006726536455;91.7005624639765;91.7009740645604;91.7006929229681;91.7025775216658;91.700592468529;91.6990718348349;91.7016064724349;91.7020232883087;91.7008043925287;91.7013099690561;91.7010049499762;91.7015959638672;91.7015840845768;91.7017693333571;91.7011788671031;91.7020684283022;91.7019209866472;91.6984594731325;91.7008336639067;91.7019466311625;91.7012607962352;91.7014195931156;91.7008140149731;91.7020781090327;91.701678996806;91.6996400255067;91.7008110193771;91.7012213624569;91.7008424169163;91.7021036154516;91.7009250885622;91.6996774100447;91.7005574940341;91.6997758171616;91.7004145490554;91.6997047054155;91.7005795133481;91.7004012435469;91.701631265836;91.7014980370694;91.701286777307;91.7006957178259;91.7005633693951;91.7006167616784;91.700337750272;91.7003156496237;91.7003369095768;91.6992795630411;91.6997722380861;91.7011916613225;91.701388131227;91.7012888296904;91.7009862324115;91.6996226566762;91.7002652265639;91.7006053485359;91.7004010116231;91.7001398359119;91.7004834706084;91.700567281105;91.7003105726545;91.6996206746223;91.6998781461402;91.6997548665768;91.6996762722791;91.6993215550582;91.6997184620922;91.6994688291499;91.6995923466149;91.699629950748;91.6994512600358;91.6988529462894;91.6993532015169;91.6993731815449;91.6994370742862;91.6988005827383;91.6989536328798;91.699199929927;91.6990701858494;91.6990754590409;91.699220766448;91.6989185274236;91.6983399954475;91.6977190644851;91.6986515931297;91.6985842846665;91.6987591054977;91.697982733316;91.6982748298002;91.6982772165055;91.6984079251312;91.6981355109907;
92.5518603483648;92.552701537473;92.5532250008042;92.5518622992808;92.5532525908631;92.5507787060798;92.5524480402001;92.552761766874;92.5523380951374;92.5545656654554;92.5511080015278;92.5527783415858;92.5525089578993;92.5489546009644;92.5527846492917;92.5545718175822;92.5522029098924;92.5536843169128;92.5530452621388;92.5528612746208;92.5524994751761;92.5518740999361;92.5527599632367;92.5537157234741;92.5528267917954;92.5521754093143;92.5521694281677;92.5518797401019;92.5523159791493;92.5525192975357;92.5528775231467;92.5507951587882;92.5516177263729;92.5538913212911;92.5535320151394;92.5515534765741;92.5518711060743;92.5532107680974;92.5538128604088;92.5534260128968;92.5525004431544;92.5512215089952;92.5533151121506;92.5528486639922;92.5526393423806;92.5524295907564;92.5523475335902;92.5535964715559;92.5523662163383;92.551290700566;92.5522628883384;92.5510812629434;92.5520079353114;92.5526984553272;92.5522092909222;92.5509883089981;92.5516454666176;92.5520105742564;92.5517301007928;92.551299628574;92.5517063007844;92.5517586007187;92.551395739352;92.5518366477256;92.5517117766161;92.5515016044779;92.552425798064;92.5514363016379;92.5511078481745;92.5514474648916;92.5517422173984;92.5501960803095;92.5515779381496;92.5526619734097;92.5524273106338;92.5514597585749;92.5511644921277;92.5520402069581;92.5517065256965;92.5516737091683;92.5513532404904;92.5508981555037;92.5514529765071;92.5517034828399;92.5516056743537;92.5509990326927;92.551318527603;92.5503622668772;92.5504111622069;92.5504707844649;92.5508303332841;92.550715121463;92.5510003827077;92.550266722501;92.550452682472;92.5500265670675;92.5502067273314;92.5506842482161;92.5509338123507;92.5501586088789;92.5499578033453;92.5502140824059;92.550479677138;92.5498336192754;92.5499509721673;92.5497004506464;92.5499124702737;92.5495214030109;92.550064211366;92.549727130917;92.5497176361429;92.5490717972796;92.5494977704357;92.5494077167759;92.5493477581528;
93.403169175542;93.4033203883887;93.4049992369471;93.4023207803531;93.4016991083281;93.4024084331588;93.4014994036788;93.4046119951807;93.4038714659673;93.4035092175395;93.4013460247227;93.4046694362757;93.4037491440147;93.4016937538135;93.4032685646316;93.4041960376644;93.4045656684817;93.4037423160528;93.4032469877843;93.4042082673901;93.4011328821743;93.4033358616115;93.4070272274406;93.4059261808511;93.402261521048;93.4036865704122;93.4033604411174;93.4028701642986;93.4037171393304;93.4038978907915;93.4029203250574;93.4035117779996;93.4028731277892;93.4032904401625;93.4038639351798;93.4035647416935;93.400967820482;93.4025284235967;93.4048178840908;93.4042753287039;93.4039331136341;93.4038753673544;93.4033746346976;93.4035401074027;93.4031168886046;93.4035608791507;93.4024307989032;93.4038892736078;93.4044750959554;93.4038696387779;93.4034044958009;93.4038039919614;93.4036631586617;93.4034656896568;93.4025150458459;93.4036742035056;93.4047767607494;93.4031691744715;93.4027625705151;93.4036755846213;93.4033463205519;93.403663139775;93.4025457924764;93.4027020438438;93.4024629596283;93.4030484292355;93.4023814976153;93.4026584443144;93.4028938666416;93.4036212442368;93.402667225576;93.402916101786;93.4024727557653;93.4020690294315;93.4021912165936;93.4028243329017;93.4024782078912;93.4020705673242;93.401619107205;93.402809466276;93.4027592997353;93.4026879945142;93.4016175178036;93.4023342743443;93.4025205308754;93.4025196234666;93.4022366852848;93.4025910403337;93.4017983695194;93.4021716589953;93.4018465507296;93.4018622807274;93.4017474029814;93.4016015189557;93.4016560730402;93.4021307942776;93.4011620026469;93.4017836199669;93.4020941017856;93.4021837146599;93.4007133660976;93.4012558981462;93.4008161193203;93.4012742975687;93.4016064880685;93.4011941305516;93.4008556758271;93.4009738284425;93.4005008211389;93.4010002290884;93.400481321808;93.4009048437561;93.4008107387229;93.4004859298326;93.4007156306162;
94.2555653399067;94.2556094428755;94.2545694724506;94.2579806916044;94.2539354545962;94.2551414842727;94.2555632783155;94.2551897084986;94.254521044255;94.2525988227877;94.2537202593223;94.2549727998517;94.255548192368;94.2544436683027;94.2538043547485;94.2526878020294;94.2552631876209;94.2550968504867;94.2535165795819;94.2532397146112;94.2534955776399;94.2525810154656;94.2554655949375;94.2547338874315;94.2533704343991;94.2542143574979;94.2556995224652;94.2534868837829;94.2544906727178;94.2548898062666;94.2538931766758;94.2548496777619;94.2544753917999;94.2527902148041;94.2547385952821;94.2545937244424;94.2544050024112;94.2537273676705;94.2548446090789;94.2537772703177;94.2556440096343;94.2544794975999;94.2539924223061;94.254456424706;94.2548898208257;94.2531873081136;94.2528759955368;94.2543514889803;94.2550168645775;94.2544654434797;94.2539480282887;94.2544232367932;94.2547851231425;94.2541428024253;94.254441269219;94.2535191754151;94.2547942245064;94.2549384184882;94.2555322312149;94.2544329033092;94.2543722052817;94.25511616862;94.2545661120672;94.2528814568314;94.2546163670514;94.2541406961916;94.2539083997425;94.2533317131186;94.2534875516766;94.2539176048891;94.2541182549922;94.2533261736084;94.2539623018961;94.2534744496383;94.2538855125644;94.2533913062115;94.2537715701543;94.2531275208533;94.2537363088687;94.2531419422957;94.2529737966408;94.253937730012;94.2535010746498;94.2520867026382;94.2536927365391;94.2536499690872;94.2531593570399;94.2532937866904;94.2534374134994;94.2534709311791;94.2535201469589;94.2523596364162;94.2531998720021;94.2526618076639;94.253000119889;94.2531347061686;94.253322814266;94.2528468489474;94.2527263262061;94.2524135172091;94.2526507006859;94.2523731820823;94.2524428943332;94.2517038070397;94.2524295417027;94.2521238920703;94.2525198612812;94.251561505939;94.2519372266372;94.2520549151499;94.2520161239511;94.2516655024674;94.2514563304152;94.2519935167947;94.252086437137;
95.1054776508128;95.106574413585;95.1059496501804;95.1085644109616;95.1057068102491;95.1073226582076;95.1063194191776;95.1060165741017;95.1038179130447;95.1046370093644;95.1060222179159;95.1054505030733;95.1046471676068;95.1065928347341;95.1051206327133;95.1053752544149;95.1048808130183;95.1062018252724;95.1066772745931;95.1060455210913;95.1058126232036;95.1061393272424;95.105413536789;95.1050278105715;95.1046901820233;95.1062979396074;95.1071095202561;95.106228442529;95.1041287392819;95.1057796589364;95.1062080026271;95.1052533406768;95.1041255669824;95.1062883494293;95.1064281707545;95.1071411515693;95.1050256640181;95.1057622866573;95.1026627508526;95.104414675259;95.1049595953184;95.1052471887469;95.1055898291983;95.1053589627643;95.1056987442388;95.1063246995891;95.1049867746903;95.1060574311146;95.1050111485694;95.1037117910642;95.1041297094884;95.1057929948701;95.1036997577637;95.1049277652961;95.1055795186272;95.1048322625498;95.1043510795616;95.1056761637723;95.1062224968625;95.1062915797831;95.1044664533221;95.1049876877206;95.1063890776227;95.1055718986713;95.1046020248674;95.1055088643342;95.1057675622529;95.1053232316515;95.1044261875228;95.1054906390031;95.1048252352404;95.1055751131677;95.1044969462505;95.1047023881276;95.1049545329016;95.1052718842594;95.1048364458704;95.1050698497671;95.1051153158262;95.1057510322139;95.1040925278396;95.1047627783699;95.1048316077252;95.1050743889746;95.1046885251117;95.1047765691809;95.1036392348284;95.1042541297602;95.1041037736066;95.1048264888944;95.1043346944268;95.1044396833175;95.1040406604373;95.1041251084429;95.1040006288432;95.1045517318873;95.1039564704381;95.1040291950718;95.1041649304485;95.1040187077758;95.1032663193825;95.1035050261549;95.1037961525896;95.103551242763;95.1025448576667;95.1032973075287;95.1031838709561;95.1032677100245;95.102887660099;95.1029566319344;95.1023184026121;95.1029272511401;95.1023468080671;95.1029119364841;95.1031309030534;
95.9551412154505;95.9571444961344;95.9575595802363;95.956729487004;95.9550437032118;95.9551485862323;95.9569557724508;95.9559628078808;95.9571867168198;95.9572092901764;95.9569272747413;95.9563374051009;95.9570956471652;95.9570307481986;95.9571828359113;95.9574380340836;95.9570478292925;95.9563510723348;95.9562105734888;95.956849955513;95.9575118831294;95.9575355459492;95.9559491936425;95.9572313975678;95.9595442106711;95.9570765611371;95.956470303239;95.9583601504703;95.9572606102274;95.9549768812087;95.9583265423046;95.9575421822679;95.957106307763;95.9572069736982;95.9555342338159;95.9586885804939;95.9574736714192;95.955827793989;95.9562687735866;95.9570866489625;95.955112701808;95.9558133494894;95.9568763720808;95.9567011577454;95.9572516436499;95.9566797146416;95.9570228239352;95.9566530872323;95.9567854359977;95.9558048669991;95.9565453234704;95.9567070382547;95.9557964857034;95.9568102993665;95.9568997609208;95.9574654678867;95.9568787851969;95.9554582126278;95.9566094302304;95.9563336537702;95.9560136815678;95.9561898084145;95.9567518720488;95.957248178148;95.9562706819628;95.9555282759213;95.9567782155657;95.9554295599392;95.956566915692;95.9568644387467;95.9561064257384;95.9565730114198;95.9561930000945;95.9555704309308;95.95579892934;95.9557425469981;95.9562614441054;95.956038808857;95.9558648381309;95.9561782587255;95.9567762903445;95.9556948832368;95.955898756282;95.9557001081105;95.9553412047075;95.9551101966858;95.9552519768537;95.9555564519439;95.9554161021219;95.9547162470138;95.9555837704524;95.9550640809731;95.9554664718174;95.9551840191077;95.9553360266119;95.9557895341499;95.9556148515315;95.9541273101214;95.9545804574445;95.9546953708061;95.9547455072921;95.9539889627483;95.9547721924828;95.9550021616359;95.9543469970356;95.9541495698558;95.9546346526608;95.9541060806358;95.9539965661099;95.9530892744896;95.9539180518047;95.953940361723;95.954006972732;95.9537514987884;95.9536096702132;
96.8081998191708;96.8091411038094;96.8096880948927;96.808001228624;96.8073940415469;96.807478633637;96.8082016863481;96.8089783745179;96.8102702060147;96.8079171616862;96.8082450255886;96.8088918480345;96.8091173569447;96.8081529361494;96.8068589940219;96.8074757152702;96.8104906598197;96.8078840103158;96.8059598975135;96.8082659226348;96.8086914797825;96.8079698179995;96.8074532222348;96.8099991763393;96.8105479831813;96.8080626903203;96.8056428002296;96.808467837371;96.8090906670444;96.8078344130867;96.8083053573735;96.8083513182605;96.8078403492649;96.8076266614582;96.8062661307364;96.8093448216636;96.8106210988725;96.8085622502381;96.8076863691705;96.8080457333207;96.8079708631549;96.8077930466075;96.8080191844934;96.8072219605281;96.8080058735995;96.8080254764185;96.8075480342438;96.8078754873412;96.8079836916195;96.8067794501281;96.8072380814747;96.8074881940458;96.8077296778436;96.8080227600183;96.8078671725467;96.8084759335753;96.808365354276;96.8078363263063;96.8078929860245;96.8076038291373;96.8068385911115;96.8085500552152;96.8072915562191;96.8078145728647;96.808050997365;96.8076510558212;96.8070554983482;96.8068287462913;96.8079997744844;96.8082590463433;96.8080541148701;96.8068280201618;96.8072067075027;96.8075998592671;96.806879456454;96.8076257645898;96.8065637592846;96.8071326425769;96.8070862159244;96.8067241574817;96.8072365497297;96.8067762065464;96.806161916628;96.8067463194473;96.8063406945435;96.806100100568;96.8061522985912;96.8071061143422;96.8071437313893;96.8065929645978;96.8064043113996;96.8068928680596;96.8063571358289;96.8066358251444;96.8055688845735;96.8059402018479;96.8063545757391;96.8059341903929;96.8053713621313;96.8060769063723;96.8056329336399;96.8058923421366;96.8050589718391;96.8059171120781;96.8054482372345;96.8056663626891;96.8055022545064;96.8055994299952;96.8055211401291;96.8056803179673;96.8052409604213;96.8054883539857;96.8050843175785;96.8050812147384;96.8053448950888;
97.6587665432665;97.6578593097665;97.6597466436434;97.6603664745687;97.6589055497254;97.6592757507244;97.6591188697072;97.6595770177268;97.6590837507485;97.6607554320509;97.6610746750502;97.6589550826804;97.6606497866608;97.6595441000538;97.6589667590315;97.6588928142093;97.6589643433078;97.6589055835035;97.6599967267976;97.6608299451253;97.6600075820136;97.6593265500187;97.6593421280187;97.6611539679063;97.659220636045;97.6601057461381;97.6598535210237;97.6597587358566;97.6593593895534;97.6587914287288;97.6589423882826;97.6591683350286;97.6582356212003;97.6590200677513;97.6589464656892;97.6598762325335;97.6599830440302;97.6581408432467;97.6577541932493;97.6588327531181;97.6596759373143;97.6582588484746;97.6590029563304;97.6585596227121;97.6592106783896;97.6600044950405;97.6596922233957;97.6581797199216;97.6603648164563;97.6580497956373;97.6580364508973;97.6585162758619;97.6579008793202;97.6589328545726;97.6588908697018;97.6582946225678;97.6594685466461;97.6581713449971;97.6585334191089;97.6592656571357;97.6588635554918;97.6589469349048;97.6588653345472;97.6591450822883;97.6585332020921;97.6595172180412;97.6584932825855;97.658678279828;97.659007110769;97.658313054181;97.6584930328255;97.6580091508229;97.6570700317833;97.6585034485424;97.6586818728567;97.6590834071444;97.6586031853004;97.6583591284824;97.6584915644106;97.6583863520861;97.6582235696953;97.6578271272249;97.657193321342;97.6582751247085;97.6581857809365;97.657335139382;97.6583641846175;97.6572258711472;97.6572257920686;97.658420484573;97.6573305375233;97.657680847519;97.6576670502664;97.6574623452579;97.6577277057493;97.6572613020356;97.6567407263382;97.6569033382291;97.6569651732401;97.6575434425469;97.657388658142;97.6569764350564;97.6570929456056;97.6570237158824;97.6567775009359;97.6570381516373;97.6570977077909;97.6566775235013;97.6565359429765;97.6567246743998;97.6566545800815;97.6563914305111;97.6562087720057;97.6563450305692;97.6561682424673;
98.5092751258637;98.5092971793456;98.5081490640604;98.5112871292202;98.5112143644898;98.5094869331112;98.5103114524608;98.5105938687273;98.5088833423137;98.5102482324236;98.5106698430452;98.5108982057426;98.5108260420851;98.5105625203846;98.5099370430718;98.5096917529102;98.5104423797617;98.5103273280225;98.5114003194531;98.5094551355846;98.5107790855139;98.5099537334626;98.5097698062748;98.511098939224;98.5109957980624;98.5096207828603;98.5118666882471;98.5109693185733;98.5093624374637;98.5103249313568;98.5103775463558;98.5095123679491;98.5101010528301;98.5104401043725;98.510572243714;98.5121545842759;98.5107013378993;98.5097875874125;98.5097985811358;98.510446897587;98.5098762683514;98.5099420594796;98.5097033378604;98.5110400840841;98.5104984749736;98.5108894462022;98.5082209662242;98.5075233768877;98.5107831014132;98.5111990068749;98.5112992923055;98.5097728154757;98.5098822407422;98.5097392764732;98.5102243160848;98.5097666895117;98.5103181488424;98.5096733211668;98.5106837011278;98.5106650177044;98.5098582819743;98.509682174639;98.5099785322432;98.5103172480361;98.5095603449693;98.5102293944272;98.5099733957808;98.5097272736458;98.5095861204312;98.5094624512305;98.5090455205264;98.5092200080775;98.5092088976245;98.5091128426965;98.5093489226358;98.5085413803;98.5080332583019;98.5096414885172;98.5099119199902;98.5094862516435;98.5097360082794;98.5099353118099;98.5091261179275;98.5095352064362;98.5092915064715;98.5086926368571;98.5091341563099;98.5084302893531;98.5078887683371;98.5090156126018;98.5086257268538;98.508025253477;98.5086100036216;98.5090619425913;98.5087676379736;98.5087592080416;98.5085904124012;98.5079772058751;98.5075668933464;98.5082943384859;98.5083908912553;98.5083606272918;98.5081295172323;98.5083819968093;98.5075798236326;98.5079471228875;98.5082695931325;98.508179531424;98.5077968294761;98.5074035789027;98.5077106217315;98.5076912072124;98.5080703697277;98.507253344595;98.5070161196472;
